1.249870318681967740e+00
2.382056414629536434e+00
6.215870060594057556e-01
9.436265688167569943e-01
5.020807192399924512e-02
-5.048026163174365033e-01
1.190020031590251159e+00
1.620164622148515976e+00
3.205049130752841702e+00
-2.497676148515365124e+00
4.727720064151016283e-02
3.595480459077503022e-01
-1.966340239290910841e+00
-1.501081524648306131e-01
2.206490542056223636e-01
-2.551928639183391745e+00
7.956813379251858054e-01
7.289460623235116676e-02
8.240889924999537930e-02
2.960374610561883890e-01
6.257015935030492138e-01
-1.263077135949107477e-01
1.498472190319050379e-01
-3.560646189581066490e-01
1.016406667007306863e-01
-2.390529553795337936e+00
-8.379149226319679844e-01
-2.621515497610054091e-01
-2.059222186583300473e-01
3.436584003738044402e+00
3.381066953312122231e-03
2.644376904812476781e+00
-1.514938481488464495e-01
9.239252688098570365e-02
9.697146796265363466e-01
-3.285803104271046937e+00
