1.493915711133733115e+00
-1.770339493223294924e-01
9.292031144875693982e-02
1.627601205125782879e+00
-1.318298441846740277e-01
2.354812585951640003e-01
1.725552355488819245e+00
-6.352859445535703753e-02
7.065296277942670344e-02
-1.401024778269480908e+00
-2.149956682333435676e-01
2.357734505717492060e-02
-1.604163722273820314e+00
1.354916362447952549e+00
2.067418731669528054e-01
-1.424905746106614579e+00
7.017506368261852145e-01
1.768306045654481462e+00
-1.144456651982859174e-01
-5.726964341486105031e-02
2.777631108458472609e-01
8.711617564763515786e-02
-2.444564557959690299e-01
-5.960901006196371761e-03
1.634529628811157043e+00
-1.417605663068006727e-01
2.947068460612994878e-01
-2.024672947667671419e-01
2.623655471758275515e-01
3.435977568366901241e-02
3.471029607503604564e-01
1.596514259820092763e+00
-1.608392986832405114e-01
1.636547204754007057e+00
1.068130778423040106e-01
1.544725303017067120e+00
