
Figur of merit = weighted_fidelity_chi
Problem = wavy lines
Number of qubits = 4
Entanglement = n
Number of layers = 10
Minimization method = L-BFGS-B
Random seed = 30

BEST RESULT


THETA = 
[[[ 0.38017726  0.70000291  0.85541023]
  [ 0.06035553  0.42324719  0.49316313]
  [ 0.91010552  0.43277861  1.06025272]
  [ 0.29071895  0.46962526  0.77224826]
  [ 0.81930509  0.43119551  0.91865445]
  [ 0.32122276  0.19376815  0.58861959]
  [ 0.45501465  0.84699813  0.24746351]
  [ 0.04188983  0.66664491 -0.05087825]
  [ 0.77521698  0.98323427  0.70179261]
  [ 1.64166969  0.31369174  0.33263994]]

 [[ 0.26412694  0.61757584  0.43880406]
  [ 0.18049307  0.14053977  0.75880538]
  [-0.03537696  0.646803    0.71469141]
  [ 0.24074891  0.17357247  0.17926165]
  [ 0.22341325  0.24931318  1.02976716]
  [ 0.08242451  0.32858716  0.1730096 ]
  [ 0.13378381 -0.0736773   0.65896423]
  [ 0.66059607  0.50664662  0.30132936]
  [ 0.53367838 -0.06904228  0.03595589]
  [ 0.61104357 -0.00216425  0.31391668]]

 [[ 0.22321719  0.55475852  0.38290534]
  [ 0.89565134  0.33535518  0.99334398]
  [ 0.61576919  0.47878785  0.21688836]
  [ 0.78503925  0.00293768  0.91077934]
  [ 0.69689873  0.68774203  0.03179382]
  [ 0.27384333  0.56360952 -0.07237555]
  [ 1.07493782  0.24509606  0.49490795]
  [ 0.62768297  0.50923499  0.13508638]
  [ 0.18580265 -0.01774824  0.17164454]
  [-0.35540855  0.18463883  0.41886612]]

 [[ 0.32737663  0.30943905  0.87342415]
  [ 0.42085721  0.21121004  0.02759573]
  [ 0.19184321  0.55183529  1.04549582]
  [ 0.52232447  0.198019    0.45432675]
  [ 0.70853212  0.53204552  0.33048592]
  [ 0.7789152   0.50772467  1.13975572]
  [ 0.14410662 -0.06603273  0.63343347]
  [ 0.58556548  0.71889486  0.11881289]
  [ 1.25145546  0.48558423  0.92458367]
  [ 0.11804938  0.679732    0.67161771]]]
ALPHA = 
[[[ 0.36948592  0.85210897]
  [ 0.00492061  0.22823454]
  [-0.08079533  0.62085129]
  [-0.0984644   0.59367869]
  [ 0.7866524   1.04420531]
  [ 0.67769755  0.36020135]
  [ 1.73741595  0.59387845]
  [ 0.25428138  0.04864816]
  [-0.72579387  0.54704696]
  [-0.34777874  0.36282905]]

 [[ 0.84524144  0.58941716]
  [ 1.1905053   0.45130908]
  [ 1.05997     0.27363341]
  [ 0.96361543  1.2421174 ]
  [ 0.43968251  0.32613914]
  [ 0.59909451  0.07918403]
  [ 0.35450832  0.63846247]
  [ 0.15870989  0.72219557]
  [ 0.85145149  0.08436671]
  [ 0.49731623  1.03167298]]

 [[ 0.41507354  0.56919787]
  [-0.15160561  0.1025758 ]
  [ 0.52525614  0.31526723]
  [ 0.00594327 -0.05160565]
  [ 0.4950452  -0.06093034]
  [ 0.15886993  0.46065451]
  [ 0.40702938  0.35915292]
  [ 0.10129939  0.07786269]
  [ 0.48889585  0.60897089]
  [ 0.74226467  0.12928557]]

 [[ 0.74720906  0.59509189]
  [ 0.13642106 -0.24097817]
  [ 0.50332371 -0.12741818]
  [ 0.43885545  0.87655248]
  [ 0.07862185  1.17069998]
  [-0.09638376  0.31795006]
  [ 0.96525176  0.48071825]
  [ 1.17080225  0.58579281]
  [ 0.13719625  0.35057998]
  [ 1.87545172 -0.24915985]]]
WEIGHTS = 
[[ 0.98117212 -0.92596201  0.43645304  0.29409297]
 [ 0.31879917 -0.07820109  0.20832599  0.75055585]
 [-0.08818442  0.27686245  0.5187693   0.67747495]
 [ 0.89046652  0.19106517 -0.03146549  0.18529145]]
chi**2 = 0.021797420463347393
acc_train = 0.955
acc_test = 0.92625