3.694859191194433401e-01
8.521089664439744915e-01
4.920608573662240900e-03
2.282345417068243343e-01
-8.079532735083455597e-02
6.208512938291170791e-01
-9.846439816988340754e-02
5.936786852211696219e-01
7.866523950141259824e-01
1.044205313250025524e+00
6.776975530587454610e-01
3.602013465858886487e-01
1.737415951101285660e+00
5.938784460213389904e-01
2.542813791065772766e-01
4.864815626044069474e-02
-7.257938738932141476e-01
5.470469562280010356e-01
-3.477787438463406100e-01
3.628290518967306477e-01
8.452414370647413078e-01
5.894171647106238865e-01
1.190505301415416328e+00
4.513090804313037996e-01
1.059969999951871689e+00
2.736334063741925893e-01
9.636154304301950413e-01
1.242117404381243073e+00
4.396825076113941022e-01
3.261391398880321701e-01
5.990945078645236732e-01
7.918403284282561627e-02
3.545083201906578663e-01
6.384624676705590307e-01
1.587098903408889206e-01
7.221955721301072106e-01
8.514514912174047101e-01
8.436671157101466312e-02
4.973162346472174145e-01
1.031672979954105784e+00
4.150735407942530153e-01
5.691978748304343805e-01
-1.516056070848399717e-01
1.025758044554093279e-01
5.252561401787297912e-01
3.152672340785718230e-01
5.943272708148069142e-03
-5.160564725608231262e-02
4.950451981919108957e-01
-6.093034022210916389e-02
1.588699284479550000e-01
4.606545096269234474e-01
4.070293773055975728e-01
3.591529188678697637e-01
1.012993938708336150e-01
7.786268751503680474e-02
4.888958502684793705e-01
6.089708860832915294e-01
7.422646652581814664e-01
1.292855745724380834e-01
7.472090612139151711e-01
5.950918913969739377e-01
1.364210649011793342e-01
-2.409781710430456692e-01
5.033237126604903633e-01
-1.274181800790738228e-01
4.388554505197780897e-01
8.765524844124850112e-01
7.862184708326294680e-02
1.170699983513852072e+00
-9.638375553498464143e-02
3.179500645831507821e-01
9.652517574690919755e-01
4.807182482221188935e-01
1.170802246712652872e+00
5.857928092528841280e-01
1.371962533953455798e-01
3.505799779188596421e-01
1.875451724746749038e+00
-2.491598463084837012e-01
