8.409001725802652816e-01
1.683761752075283447e+00
3.032707481200464517e-01
1.519635350924113393e+00
9.411991536978016049e-01
3.749604195867742296e-01
8.953239586444680098e-01
1.552923231803105875e+00
1.333296129918070783e+00
-3.495571839713091933e-01
2.168283433497658619e-01
7.122984005163337518e-01
6.347110414442438953e-02
5.134711300925390853e-01
1.140497818877673986e+00
1.715589415902577797e-01
1.112906976798172520e+00
1.012382068838944882e+00
2.471742810136728086e-01
1.661681574639779724e+00
4.572249363419518819e-01
1.045593300746656462e+00
-4.131098924094277480e-01
8.266363165137471936e-02
