1.132147580170363543e+00
1.977536711662362112e-01
8.553952389649028820e-01
5.327140250925860299e-01
4.823873910466594528e-01
-9.085436704947668501e-03
9.629434908423791795e-01
7.620441846834514754e-01
1.119394089633988454e+00
-2.055572633266119775e-01
1.139908139472256776e+00
1.101507573909277449e+00
1.065858918644405184e+00
-3.547586857043790731e-01
1.588910173772968060e+00
1.855867358856615246e+00
8.436985968640645650e-01
-1.973193416778767917e-01
-1.177079198035135554e-01
1.117733657686356574e+00
8.973901075149002260e-01
9.988105278337700010e-01
7.942455455490557981e-01
2.198775638833522506e-01
9.275255925991496841e-01
5.608094859776707741e-01
8.293905089637305661e-01
5.818090125070338736e-01
5.690656889759667658e-01
-8.979579318129692067e-02
1.151194089871320658e+00
5.590427835956992553e-01
4.387997420875586752e-01
7.795450855914524135e-01
4.814204240914748967e-01
7.002808619236723375e-01
1.224844627761868532e+00
2.528020329533893218e-01
1.055563315482447306e+00
1.927841584238386696e+00
2.862461203037666713e-01
-2.147361317559737803e-01
-8.328515315132440922e-01
7.959593051765460059e-01
1.142439907974333702e+00
-2.408417669389539134e-02
-4.602714841607324914e-01
7.196604952891118012e-01
1.250006139492308987e+00
-4.117164489136734273e-01
-1.298941584521330628e-01
1.041154193936494679e-02
1.375963848569368375e+00
-3.670811234491602043e-02
-8.632455944128627490e-01
2.153421736826223454e-01
9.052697219840959431e-01
1.398581605311174370e+00
5.011810799322236054e-01
5.982948950290313261e-01
