-1.312746421252833473e+00
1.094382692337162233e+00
-1.178963724436472793e+00
1.397161966373749564e+00
-1.753511683318272063e-01
1.658862325432826745e+00
2.834122925434481743e+00
2.027132119893249040e+00
2.400734380077930386e+00
-3.256891419479763794e-01
-5.973887459335347483e-01
1.102103356382863719e+00
-1.122735519224449696e+00
2.894192390015923433e+00
-1.007183449221615623e+00
7.787073570181162196e-01
3.380192934539285043e-01
-1.164366055248356124e+00
1.307647082720648335e+00
2.900259653387733394e-01
1.746966915655682850e+00
2.670485074626004485e-01
1.771545585734513040e+00
-4.741783923105126752e-01
1.357665041222638536e+00
-9.645011142368340451e-01
4.271421534918857787e-01
-2.018593511607897073e-01
2.528502769503573777e+00
3.459953304731532286e-01
2.653780756781900063e+00
-3.185970328465533852e-01
3.054702755199118602e+00
1.878444518382453854e-01
2.698930311284262196e+00
-1.722962278167628203e-01
9.833561336689596866e-01
1.098908147248100819e+00
3.818745830737315661e+00
4.087866027383360579e-01
