
Figur of merit = weighted_fidelity_chi
Problem = crown
Number of qubits = 4
Entanglement = n
Number of layers = 10
Minimization method = L-BFGS-B
Random seed = 30

BEST RESULT


THETA = 
[[[ 1.31172895  0.23967865  0.85541153]
  [ 0.18495973  0.25590573  0.03283792]
  [ 0.25528035  0.68941035  0.89290947]
  [ 0.2635823   1.00920944  1.02887978]
  [ 0.32305303  0.22171939  1.45823867]
  [-0.0650906   0.02884987  0.37914384]
  [ 0.06099303  0.72220168  0.0825453 ]
  [-0.16178395  0.68831166 -0.17567511]
  [ 0.63480583  0.93420382  0.72345917]
  [ 1.25558088  0.56905721  0.28360993]]

 [[ 0.63215008  0.89666071  0.43880467]
  [ 0.42322055  0.09680729  1.03789036]
  [ 0.77119335  0.52212111  0.67095958]
  [ 1.18433778  0.35049079  0.05458111]
  [ 0.20235866  0.45489553  1.20668529]
  [-0.14819104  0.36883829  0.37859233]
  [ 0.09330321  0.11369719  0.69921565]
  [ 0.96162775  0.73803458  0.48870326]
  [ 0.64827122  0.46157348  0.26734296]
  [ 0.7256298   0.50117567  0.8445328 ]]

 [[-0.48742664  0.53463629  0.38290648]
  [ 0.61390862  0.45232264  0.97322197]
  [ 0.27079596  0.48606969  0.33385708]
  [ 0.07700681 -0.00898326  0.91806176]
  [-0.03099766  0.8361842   0.01987245]
  [ 0.06128016  0.65117363  0.07606719]
  [ 1.17627217  0.1365537   0.58247163]
  [ 0.69787946  0.40567001  0.02654396]
  [ 0.61119982  0.1202177   0.06807945]
  [ 0.3620213   0.34923362  0.55683169]]

 [[-0.14721644  0.43315231  0.87342498]
  [-0.30840046  0.07422097  0.15130797]
  [ 0.18120209  0.18656935  0.90850741]
  [ 0.78033135  0.06594297  0.08906197]
  [ 1.19610109  0.21715069  0.19840951]
  [ 0.69599646  0.02584724  0.82485996]
  [ 0.41411198 -0.06574801  0.1515562 ]
  [ 0.82832226  0.26507941  0.1190978 ]
  [ 1.08539592  0.42261868  0.47076837]
  [ 0.25317727  0.80847744  0.60865212]]]
ALPHA = 
[[[ 0.2318864   0.85064585]
  [ 0.30481281  0.32503334]
  [-0.10192432  0.26777684]
  [-0.70761244  0.49807645]
  [ 0.57881759  1.46005449]
  [ 0.904274    1.36564287]
  [ 1.58206522  0.37220533]
  [ 1.12014053 -0.48281775]
  [ 0.88070958  0.4028775 ]
  [ 0.33624089  0.30890548]]

 [[ 0.4389946   0.97288991]
  [ 0.36738363  0.63280808]
  [ 0.48283717 -0.20112036]
  [ 0.51764677  0.35576462]
  [ 0.38516681 -0.205197  ]
  [ 0.82530934  0.02076223]
  [ 0.76843441  0.57937701]
  [ 0.3990514   0.48598931]
  [ 0.74014015  0.118621  ]
  [ 0.36195308  0.88983267]]

 [[ 0.06268897  0.6444075 ]
  [ 0.1916471   0.24883947]
  [ 0.97101181  0.49195284]
  [ 0.45109112  0.3386072 ]
  [ 0.8473084   0.08188228]
  [ 0.28919095  0.61673605]
  [ 0.46239325  0.96278096]
  [ 0.1550632   0.56196872]
  [ 0.00469067  0.92697482]
  [ 0.11248454  0.4318283 ]]

 [[ 0.50993233  0.52852578]
  [-0.04764856 -0.132596  ]
  [ 0.95422395 -0.18076583]
  [ 0.80904992  0.15897342]
  [ 0.49899935  0.84702771]
  [ 0.351137    0.18407096]
  [ 0.79993399  0.44147632]
  [ 1.05243204  0.50836969]
  [ 1.18415844  0.42153929]
  [ 0.78444205  0.15935888]]]
WEIGHTS = 
[[ 1.89076736 -0.05970479 -0.76166231  0.02212169]
 [ 2.02455992 -0.16249651 -0.88321005  0.01566311]]
chi**2 = 0.05287249620017745
acc_train = 0.975
acc_test = 0.961