1.989794959801315377e-01
1.854919907449810168e-01
8.554101934682591946e-01
5.284680286903168378e-01
1.697582847156498542e-01
-2.134873593329714853e-02
1.690510609083698990e+00
-1.271001577638787516e+00
8.067634336847815391e-01
5.575370464977364993e-01
1.348522916093588542e+00
-9.315301394403496804e-01
1.675240989005949865e+00
1.073643093470697529e+00
1.797552039768469001e+00
-1.381229053090438530e+00
4.776520835826713052e-01
1.231065309320610979e+00
1.231691316513234602e+00
1.227817166186979225e+00
5.313504038680240127e-01
9.247133047234641356e-01
1.971607425935907987e+00
3.299396216224194101e-01
