8.569642514244587561e-01
-5.656031556181946307e-01
-3.346364957476392621e-01
1.822656756642594633e+00
1.521776583051094089e+00
1.170145219755484467e+00
6.218923903945687837e-01
3.899947964839072662e-02
4.838073387909139211e-01
5.499892096339805692e-01
2.279703902517735414e-01
6.795101075530285417e-01
-9.285998332047460391e-01
7.003960012049047501e-01
7.354412225491365751e-01
2.915281467380993058e-02
3.054583438836624421e-01
6.448941772511949111e-01
2.140113822609790439e+00
1.224658080493824963e+00
1.080500895790325044e+00
-1.618516943857836454e-01
1.533825212023906204e+00
1.661351159997972893e+00
-7.533299556483146198e-01
2.688825524230623598e-01
-5.022025148981684728e-01
-5.267674348275119822e-01
2.295708984395916641e+00
1.371382766638030049e+00
1.775752779207314946e-01
5.429207069192447666e-01
