-3.318472082853097249e-01
-2.059040466945811776e-01
8.554115594697586644e-01
5.755556928496039504e-01
4.062788437336209424e-01
-4.127448308264232701e-01
1.253556288909844385e+00
4.322049103916514867e-01
1.043283921281196402e+00
-3.997523519257626390e-01
3.498836721733661892e-01
7.716744213022047605e-01
-1.278658235148018907e+00
1.657100904385482298e-01
7.989138969012828939e-01
2.951745833631502780e-01
3.368995654624107883e-01
3.231359595462957035e-01
1.152573920833648957e+00
6.960689780572181240e-01
3.905950500499358879e-01
8.226584619019023936e-01
-1.707753347867857208e-01
-2.018068060070157543e-01
5.462967079395408820e-01
1.320189575911333124e+00
5.125400516099204440e-01
9.928010235130176886e-01
3.708002043529335379e-01
6.695955906400156143e-01
1.823375230073140285e+00
1.287242769181039970e+00
2.405468601744503720e-01
-5.755768250683802600e-01
-5.207775800116826864e-02
1.428471749480779485e+00
8.081653652387420506e-01
4.259157376053350208e-01
5.220750271246886731e-01
7.427907844995926823e-01
1.666145073573578328e-01
-4.162383448403775971e-02
6.755163704162207017e-01
-8.691003365102971390e-02
1.022808160802137767e+00
1.253914220298208093e+00
2.953722327191273256e-01
-1.632139411325454759e-01
