
Figur of merit = weighted_fidelity_chi
Problem = squares
Number of qubits = 2
Entanglement = y
Number of layers = 8
Minimization method = L-BFGS-B
Random seed = 30

BEST RESULT


THETA = 
[[[-0.33184721 -0.20590405  0.85541156]
  [ 0.57555569  0.40627884 -0.41274483]
  [ 1.25355629  0.43220491  1.04328392]
  [-0.39975235  0.34988367  0.77167442]
  [-1.27865824  0.16571009  0.7989139 ]
  [ 0.29517458  0.33689957  0.32313596]
  [ 1.15257392  0.69606898  0.39059505]
  [ 0.82265846 -0.17077533 -0.20180681]]

 [[ 0.54629671  1.32018958  0.51254005]
  [ 0.99280102  0.3708002   0.66959559]
  [ 1.82337523  1.28724277  0.24054686]
  [-0.57557683 -0.05207776  1.42847175]
  [ 0.80816537  0.42591574  0.52207503]
  [ 0.74279078  0.16661451 -0.04162383]
  [ 0.67551637 -0.08691003  1.02280816]
  [ 1.25391422  0.29537223 -0.16321394]]]
ALPHA = 
[[[ 0.85696425 -0.56560316]
  [-0.3346365   1.82265676]
  [ 1.52177658  1.17014522]
  [ 0.62189239  0.03899948]
  [ 0.48380734  0.54998921]
  [ 0.22797039  0.67951011]
  [-0.92859983  0.700396  ]
  [ 0.73544122  0.02915281]]

 [[ 0.30545834  0.64489418]
  [ 2.14011382  1.22465808]
  [ 1.0805009  -0.16185169]
  [ 1.53382521  1.66135116]
  [-0.75332996  0.26888255]
  [-0.50220251 -0.52676743]
  [ 2.29570898  1.37138277]
  [ 0.17757528  0.54292071]]]
WEIGHTS = 
[[ 0.01801002  1.10644846]
 [-0.00837899  1.16386918]
 [ 1.27779227 -0.0448988 ]
 [ 1.38408478 -0.12528973]]
chi**2 = 0.01578851068543744
acc_train = 0.975
acc_test = 0.947