
Figur of merit = weighted_fidelity_chi
Problem = wavy lines
Number of qubits = 4
Entanglement = n
Number of layers = 6
Minimization method = L-BFGS-B
Random seed = 30

BEST RESULT


THETA = 
[[[-0.26175168  0.11713212  0.85541089]
  [ 0.26905823 -0.20639016 -0.08970835]
  [ 1.53882024 -0.18929586  0.43061519]
  [ 1.00660582  0.17169404  0.15017318]
  [ 0.6772053   0.32413663  0.62072375]
  [ 0.14776192  0.38734552  0.48155982]]

 [[ 0.60932554  0.97525338  0.32893664]
  [ 0.25388065  0.40579489  0.07737459]
  [ 0.36296669  0.91866974  0.44094266]
  [ 0.96662818  0.72209275  0.26807544]
  [ 0.04952711  0.41104879  0.59183967]
  [-0.52251685 -0.19149252  0.55227861]]

 [[-0.77175333  0.68555877  0.6023441 ]
  [ 0.98100102  0.23192938  0.21801869]
  [-0.02641419  0.44020995  1.08812449]
  [-0.78864529  0.48770368  0.36390679]
  [ 0.64607663  0.22312022  0.81808086]
  [ 1.55529499 -0.02741883  0.59812716]]

 [[ 0.48952684  0.0579831   0.20136109]
  [ 0.37653015  0.44600892  0.44094322]
  [ 0.10885533  0.37025991  0.32773968]
  [ 1.31773658  0.04899337  0.80884559]
  [ 0.93921072  0.32900233 -0.06947282]
  [ 1.68234084 -0.26013349  0.76099328]]]
ALPHA = 
[[[ 0.52167282  2.27272295]
  [ 0.50283908  1.10286295]
  [ 1.10556179 -1.36123972]
  [ 0.62387702 -0.02133864]
  [ 0.01420968  0.86821688]
  [ 0.44795717 -0.23174801]]

 [[ 0.04883476 -0.19296326]
  [ 0.83978956  0.01958241]
  [ 0.67813642  0.80035373]
  [ 0.04222169  0.28836262]
  [ 1.2554949   0.10108259]
  [ 0.92566646  0.46235625]]

 [[ 1.37741181 -0.58324848]
  [ 2.15156201  0.2418805 ]
  [ 0.64525356  0.25052373]
  [ 1.21145511  1.30354806]
  [-1.17322843  0.11575731]
  [ 0.09223456  1.88882317]]

 [[-0.884153   -1.00835211]
  [ 0.51816408 -0.22518406]
  [ 0.82989997  0.72330338]
  [ 1.00755763  0.7804755 ]
  [ 0.87267546  0.48568402]
  [-0.09692516  1.29310905]]]
WEIGHTS = 
[[ 0.11491032  0.45516946  0.87755466 -0.18402293]
 [ 0.22759493  0.91477595  0.25010743  0.0154084 ]
 [ 0.04463524  0.48628577 -0.13417975  1.28837128]
 [ 1.08995132 -0.80183255  0.47363145  0.42514178]]
chi**2 = 0.022624557755577562
acc_train = 0.96
acc_test = 0.9285