8.513965576747953845e-01
-2.217642202590789646e-01
1.979183516102451579e+00
1.428348466462389110e+00
-1.857249151950274735e+00
8.549738448664245816e-01
1.495838085044868704e+00
-2.886852467118064536e-01
-7.416402330392535269e-01
2.477361006198881999e+00
2.400465339402055864e+00
7.228599031229491212e-01
-1.553994535885826034e+00
-1.055992130470435164e+00
7.967084583926166419e-02
7.630701288113139746e-01
9.347738252949948645e-01
1.862819293419325506e-01
9.620499391315915361e-01
-5.595286937292578422e-01
-1.265353281813001995e-01
1.399770471280852302e+00
2.417867110906868788e+00
8.936506128654525538e-01
1.194726163727896528e+00
1.220782621458665673e+00
2.060700513481374507e+00
5.431669753688181945e-01
-4.939980417261857215e-01
-8.000070272870242194e-01
4.712491675973027316e-01
2.900371375009763719e-01
