-8.205559162226587766e-01
7.342808379562751897e-01
8.553961953584089395e-01
2.334598416839888876e-02
1.734342702328608210e+00
5.274734476019293794e-01
8.384262166350245904e-01
-1.282187485094691826e-01
2.371372290459957011e+00
3.409669127121173759e-01
-2.201782172390049364e-01
2.112191889589784266e-01
1.296852757378687215e+00
1.143565661680498585e-01
2.288875354184800592e-01
-1.018479982018509311e+00
-1.874822845060308482e-02
2.717832593267826558e-01
1.087326454839065981e+00
1.456446648617891082e+00
3.496702102233228276e-02
7.486413491899097661e-01
4.774022353165754406e-01
5.585716217695557706e-01
9.200512609320385948e-01
2.552304226073396909e-01
5.125326631048930937e-01
3.346654507984679894e-01
1.552137348087992752e+00
-3.953750508218694115e-01
5.569977141265630705e-01
-3.920162444523546674e-01
1.421892072906352444e+00
1.311179537359440817e+00
-6.244756544182467062e-01
-2.508081651007635915e-01
-1.170900208737196468e+00
1.499306297400885057e+00
-5.033693991458773609e-02
2.039974573847970873e+00
5.910323457667137070e-01
1.031730518114569950e+00
1.769017159213619017e+00
4.165078877176246475e-01
1.447235537082689039e+00
9.117781033696712445e-01
5.084660344010483168e-01
3.402147375006603913e-01
