-1.385428190699875342e-02
7.051910917759554032e-01
8.554113571646091430e-01
7.187240669625264422e-01
7.417285854125747757e-02
4.983450870713598824e-01
2.330338573289308712e+00
8.817125347582982497e-01
7.111740996019360050e-01
1.670427456962412904e+00
-2.948530606097416462e-01
1.221173936934404347e+00
5.347224013247321439e-01
-1.754375718838273590e-01
9.746137909558729717e-01
8.153719832004783230e-01
7.776547216752238700e-01
-1.801552753478595850e-02
1.194420365408544127e+00
9.258142457963780547e-01
8.313621247950788717e-01
1.384846740215882610e+00
-1.306420515733308862e+00
2.793332198544763029e-02
