
Figur of merit = weighted_fidelity_chi
Problem = non convex
Number of qubits = 4
Entanglement = n
Number of layers = 8
Minimization method = L-BFGS-B
Random seed = 30

BEST RESULT


THETA = 
[[[-0.09894396  0.45209056  0.85541096]
  [ 0.49925131 -0.06161548  0.24525047]
  [ 1.35841904  0.41651101  0.57539021]
  [-0.18272752  0.48466212  0.75598073]
  [ 0.1498354   0.05826878  0.93369176]
  [ 0.18962558 -0.08959657  0.2156929 ]
  [ 0.81553458  0.76422185 -0.0359011 ]
  [ 0.3441319   0.47739135 -0.13365393]]

 [[ 0.41008625  0.61569884  0.51253886]
  [ 0.83139909  0.358327   -0.03489556]
  [-0.49202894  0.66030329  0.22807424]
  [-0.99208215  0.0920429   0.80153204]
  [-0.07002963  0.3646894   0.66619434]
  [ 1.2083842  -0.03195055 -0.10285069]
  [ 0.35585602  0.36366857  0.824244  ]
  [-0.40893828  0.50845726  0.2873649 ]]

 [[ 0.24403446  0.54482761  0.83883381]
  [ 0.73980701  1.06666447  0.91983393]
  [ 0.50536062  0.0341935   0.59597276]
  [ 0.38147151  0.3639143   0.41715256]
  [-0.50499559  0.15387053  0.2456444 ]
  [ 0.48053312 -0.20429267  0.59245577]
  [ 0.45477988  0.18873431 -0.32275926]
  [ 0.40306771  0.02084874  0.62072612]]

 [[-1.02627248  0.56308278  0.04970467]
  [-0.11210607  0.48370524 -0.19703467]
  [ 2.04117744  0.84108204  0.41500426]
  [ 1.43539935  0.6285787   0.73107207]
  [ 1.27416546 -0.20832138  0.29098845]
  [-0.01285349  0.20657953  0.22829342]
  [ 0.11801442  0.27596109  0.73077073]
  [-0.3199687   0.08391813 -0.00588183]]]
ALPHA = 
[[[-0.10310556  0.31724258]
  [ 0.74744149 -0.09620172]
  [ 0.00385418  0.2134062 ]
  [ 0.43304724  0.35946776]
  [ 0.27591232  0.00471717]
  [ 0.59883016  0.45705813]
  [ 0.48946996 -0.41285742]
  [ 0.46159301  0.47984565]]

 [[ 0.91878265  0.04963635]
  [ 1.41039492  0.29772885]
  [ 1.4806799  -0.32040048]
  [ 1.09930053  0.80864091]
  [ 0.60156722  0.68329459]
  [ 0.94836132  0.27962184]
  [ 0.64142633  0.78535848]
  [ 0.85524215  0.5449807 ]]

 [[ 0.59357081  1.02616684]
  [-0.45235642  0.49359764]
  [ 0.30917108  0.41710529]
  [ 0.18736452 -0.00880804]
  [ 0.72556143  0.81119316]
  [ 0.02391118  0.14641562]
  [ 0.64346798  0.51305865]
  [ 0.50158035  0.58218412]]

 [[ 0.43489034  0.888577  ]
  [ 0.65397133  0.65429028]
  [ 0.60084364 -1.22060319]
  [ 0.41963604 -0.1069466 ]
  [ 0.26233986  1.15442578]
  [ 0.65722463  0.77917271]
  [ 1.40901032  0.05762728]
  [ 0.89481471  0.88983208]]]
WEIGHTS = 
[[-0.15868853  1.58419602 -1.17273471  0.76422817]
 [-0.3162992   1.63260621 -1.16276756  0.72893422]]
chi**2 = 0.03380240355499896
acc_train = 0.985
acc_test = 0.959