-9.894396180144300612e-02
4.520905594081064405e-01
8.554109566235263973e-01
4.992513089306758745e-01
-6.161547511147383305e-02
2.452504740801855210e-01
1.358419036187740847e+00
4.165110149192757238e-01
5.753902147831350122e-01
-1.827275160650530528e-01
4.846621154136441789e-01
7.559807312645835387e-01
1.498353987226715422e-01
5.826878305868504054e-02
9.336917587710232835e-01
1.896255836284848340e-01
-8.959657446527709290e-02
2.156929043717892291e-01
8.155345843699481900e-01
7.642218511635735512e-01
-3.590109614040955938e-02
3.441318975567715932e-01
4.773913520225015472e-01
-1.336539263364501795e-01
4.100862501716730502e-01
6.156988393515839819e-01
5.125388577247967925e-01
8.313990876895485105e-01
3.583269976235227694e-01
-3.489555817024413142e-02
-4.920289434409292340e-01
6.603032886354205377e-01
2.280742403925584694e-01
-9.920821533155775862e-01
9.204289623267677967e-02
8.015320365248116419e-01
-7.002963087126752584e-02
3.646894028365131879e-01
6.661943362762973164e-01
1.208384200804087039e+00
-3.195055220793383000e-02
-1.028506880864989981e-01
3.558560248668158899e-01
3.636685715868480107e-01
8.242439958701476277e-01
-4.089382809802434848e-01
5.084572631706435475e-01
2.873649014030420501e-01
2.440344631215764226e-01
5.448276085115618672e-01
8.388338083657006505e-01
7.398070051712174466e-01
1.066664469427122564e+00
9.198339303405123069e-01
5.053606249361572988e-01
3.419349517507972586e-02
5.959727574719337895e-01
3.814715051942120239e-01
3.639142968345239759e-01
4.171525589490435171e-01
-5.049955907685664824e-01
1.538705343866430542e-01
2.456443988786977395e-01
4.805331242256618562e-01
-2.042926711447609900e-01
5.924557656367680503e-01
4.547798825889021734e-01
1.887343086983108986e-01
-3.227592606231561301e-01
4.030677094684377848e-01
2.084874431503886197e-02
6.207261199141898000e-01
-1.026272480816175170e+00
5.630827791466974652e-01
4.970466797105380780e-02
-1.121060695598627560e-01
4.837052414487979513e-01
-1.970346682371813540e-01
2.041177443740036512e+00
8.410820374632302920e-01
4.150042619774731989e-01
1.435399353995193028e+00
6.285787048103677055e-01
7.310720654995910284e-01
1.274165459312348148e+00
-2.083213839253658939e-01
2.909884529980061307e-01
-1.285349027607024172e-02
2.065795314185595866e-01
2.282934166236889884e-01
1.180144200665546039e-01
2.759610916668459590e-01
7.307707336748819893e-01
-3.199687020175257524e-01
8.391813422925814558e-02
-5.881833258981705378e-03
