1.875186034512377198e+00
1.530658350321149053e+00
-3.949661182870285447e-01
5.079682210770217754e-01
1.005673043608706685e+00
8.017652389708725957e-01
8.708592004225659267e-01
6.050337449364161513e-01
7.560610608100420960e-01
4.045491241242059055e-01
1.281489765232158184e+00
1.800152558264394298e-01
8.715965849102069729e-01
6.137610311193357759e-01
-8.249196464895405465e-03
-7.409781592842845654e-01
4.821840319586314649e-01
1.595399951778308623e+00
2.200142167046418573e-01
4.767337304699716949e-01
-6.940957454785043335e-02
6.216634189306545766e-01
-3.732853957931747124e-01
4.008653737267566658e-02
-2.335689886339108179e-01
1.121049418540477349e+00
4.956707743222297236e-01
6.848727589124866677e-01
6.122183511397468747e-01
5.254375888644016168e-01
1.791853097334471512e+00
1.569561058847327217e+00
5.318533915417233970e-01
1.171921931118594440e+00
-1.013346713868822635e-01
9.609612899247454987e-01
-1.328672937796484321e+00
2.798984271011789593e-01
-7.370351396701608770e-01
1.165669727676054840e-01
1.545529128328072099e+00
-4.388734223338114915e-01
1.729229160098887608e+00
5.476549057036544932e-01
1.037487712111734517e+00
-2.593090577848166517e-02
3.074128920625907035e-01
9.086659437273705286e-01
