
Figur of merit = weighted_fidelity_chi
Problem = crown
Number of qubits = 4
Entanglement = y
Number of layers = 6
Minimization method = L-BFGS-B
Random seed = 30

BEST RESULT


THETA = 
[[[ 1.22384295  0.95936251  0.85541038]
  [ 0.42450909  0.07979656  0.75252258]
  [ 0.38004817  0.45174553  0.71680217]
  [ 1.95003411  1.00365322  0.79121593]
  [-0.35578159  0.45240759  1.45268361]
  [ 0.24010524  0.27524226  0.60983109]]

 [[ 1.8886818   0.95761056  0.32893721]
  [ 0.16380954 -0.02475124  0.05973371]
  [ 2.12533572  1.16037629  0.01039602]
  [ 1.50573916  1.0411816   0.50978217]
  [-0.04960764  1.38542757  0.91092967]
  [ 1.40214176  0.02819128  1.52665717]]

 [[ 1.18649061  0.61675131  0.60234377]
  [ 0.76094945 -0.32494195  0.14921124]
  [ 0.58107969 -0.05381742  0.53125233]
  [-0.06750431  0.61196818 -0.13012071]
  [-0.97647813  0.60458085  0.9423448 ]
  [ 1.61100764  0.67205257  0.97958777]]

 [[-0.34084007 -0.2380434   0.2013618 ]
  [ 1.41708515  0.13324257  0.14491543]
  [-1.05473963 -0.01643706  0.01497231]
  [ 0.41605086  0.46311519  0.42214729]
  [ 1.20897896  0.39913036  0.34464958]
  [ 1.68091501  0.02084914  0.83112155]]]
ALPHA = 
[[[ 1.87518603  1.53065835]
  [-0.39496612  0.50796822]
  [ 1.00567304  0.80176524]
  [ 0.8708592   0.60503374]
  [ 0.75606106  0.40454912]
  [ 1.28148977  0.18001526]]

 [[ 0.87159658  0.61376103]
  [-0.0082492  -0.74097816]
  [ 0.48218403  1.59539995]
  [ 0.22001422  0.47673373]
  [-0.06940957  0.62166342]
  [-0.3732854   0.04008654]]

 [[-0.23356899  1.12104942]
  [ 0.49567077  0.68487276]
  [ 0.61221835  0.52543759]
  [ 1.7918531   1.56956106]
  [ 0.53185339  1.17192193]
  [-0.10133467  0.96096129]]

 [[-1.32867294  0.27989843]
  [-0.73703514  0.11656697]
  [ 1.54552913 -0.43887342]
  [ 1.72922916  0.54765491]
  [ 1.03748771 -0.02593091]
  [ 0.30741289  0.90866594]]]
WEIGHTS = 
[[-1.37073048  0.98789276  3.20676274 -1.75654228]
 [-1.36545906  0.9579595   3.19043742 -1.85771291]]
chi**2 = 0.0343989964970769
acc_train = 0.985
acc_test = 0.93275