-1.525272675277809631e+00
2.335124800661535494e-01
8.554101614210498639e-01
-2.948353663524538870e+00
-3.196521454796703576e-01
2.666868624343134500e-02
1.968061380143196093e+00
4.442104314097669593e-01
3.173569589636979216e-01
3.856609870191048117e-02
3.225484915804078812e-01
7.836762886590075139e-01
-5.669371293260762057e-01
6.019786977379688597e-01
7.715777769919420770e-01
-6.854100679488868142e-01
2.752406048495474322e-01
7.594018222965382980e-01
-8.901285894723343084e-02
4.562106029102115934e-01
3.289369071251920240e-01
1.928427612934755786e-01
2.525108482929722120e-01
-4.416611638361592207e-01
2.636551329895032936e+00
9.426363261468289068e-01
2.876638718717675069e-01
1.268437364471149520e+00
-6.574294496899026063e-02
2.920437738689797835e-01
1.176338466147460293e+00
5.523037390611180708e-01
-1.959950816994394385e-01
-2.902805229343375926e-01
2.819403976532278144e-02
6.935332332231475272e-01
