-5.590602736575187581e-01
9.791367213895166843e-01
8.553686415526822184e-01
-1.555088476309105294e+00
5.525728936243666789e-01
7.723054983528969686e-01
1.683810808696237116e+00
1.426401805426793956e+00
1.189588514305824241e+00
-5.445439159143967978e-02
5.255738350282610494e-01
1.765845412647833568e+00
1.353879538800773635e-02
-7.195800584032924219e-02
9.746001093939984372e-01
-2.682626915153942318e-02
-9.011631666209879432e-01
8.549391776185444325e-02
1.566406235554694160e+00
2.042026564286192336e+00
-8.474241140952368800e-01
-7.127681919112228981e-02
4.773714630679199433e-01
1.144156515201043112e+00
