1.573114388463946467e-01
-3.100831496267639209e-01
1.745239730033633530e+00
8.779715178491863670e-01
1.047602569778316672e+00
3.201798073600928274e-01
3.550901515463016800e+00
4.374158168838316318e-01
-1.245158750933080372e+00
3.630238554031140485e-01
-1.995630198543729028e+00
-4.398606596622746667e-01
-4.106571293239565795e-02
8.544720016827992426e-01
3.712645802046671273e-01
1.502287812693340996e+00
5.812590654268814383e-01
1.461659193359309938e+00
2.742133396941512924e-01
6.684725053507307724e-01
-1.103798828585905945e+00
1.894491732706933829e-01
-3.514958320759511423e-01
9.003704283991936785e-01
1.217081400294292459e+00
2.235648019364118722e-01
6.691721753846378018e-01
-5.893578048013493609e-01
2.098323770349519446e+00
-1.410689336091126345e+00
1.694785106432819433e+00
5.617309375546442052e-02
