4.205434378177039245e-01
7.457633288493940027e-01
8.554116980398395187e-01
4.056420661124139904e-01
-4.323626144608496147e-01
5.389231335485623609e-01
7.960676985047417942e-01
2.362909595048166556e-01
2.046433862823725802e-01
-6.395256569050890016e-01
2.505503065001547514e-01
5.757616535389201706e-01
-9.680577176993477861e-01
-5.059715217451938862e-01
6.995799976941750042e-01
1.024185897338760975e+00
7.233039332338641048e-01
-3.485496462725706235e-01
1.163779850991102149e+00
1.098414564194462706e+00
7.769988782648165060e-01
1.906374862950443783e+00
5.487629675624953185e-01
2.005373245862107079e-01
-1.846706413775850431e-01
1.059259313410780168e+00
5.125388296743746963e-01
2.092934137228383562e-01
1.544774017632773999e+00
4.086654839671065020e-01
-6.639323311932889826e-01
8.053100703902265067e-01
1.414521600548266367e+00
6.808718013410806069e-01
-3.318618270129017334e-01
9.465394406531509874e-01
1.177870297496817820e+00
9.538651666135862239e-01
2.422917208634727815e-01
6.258513412904259665e-01
-4.435827181855438867e-02
4.863255738518941218e-01
1.562403705638568896e+00
1.980324722555696637e-01
8.118368828047981545e-01
9.038183213214023848e-01
5.121061212564197440e-01
1.217308530281159124e-01
