9.842282455971682609e-01
6.441369393541482857e-01
8.554470677452480354e-01
2.242282665349591420e-01
2.656844645112172443e-01
4.372933083655284325e-01
1.578747743124192748e+00
1.427166976125950892e-01
9.027196754103461451e-01
1.449976039051207533e+00
7.862501324525998925e-01
4.821682037517139308e-01
1.401626139199650289e+00
1.071736523182197365e+00
1.235259083656620627e+00
1.355410638295904802e+00
2.752181502847026451e-01
1.229158559928162697e+00
1.850696097372630522e+00
1.722951517019975842e+00
3.289359882445407335e-01
1.823094987398540479e+00
4.211074736402373175e-01
8.251303196828748687e-01
-4.133811101018395884e-01
1.500882067814085508e+00
4.562371076877009268e-01
1.315965069049274572e+00
1.547480541687820399e-01
8.503051963441730088e-01
1.242747199200832098e+00
1.685938557322114173e+00
2.450052585490194654e-02
1.479514048809922100e+00
2.816429999853142449e-02
1.827122769516804857e+00
