-3.421987958949813668e-01
1.008729002650517570e+00
8.554112102626038050e-01
-1.906577019764296443e-01
-3.181477480451763706e-01
8.018884934032705081e-01
2.617130882027831063e-01
4.802446521957208780e-01
3.188591009950108024e-01
7.652449949660786732e-01
7.600949211432557195e-01
8.197141990904571740e-01
9.529676851686416095e-01
1.869898176775123821e-01
1.209124855279603006e+00
5.880789119961185030e-01
3.348229203379095020e-01
3.444141971725396822e-01
4.883471382516905712e-01
9.975246085655667949e-01
3.885173902411505620e-01
7.585631431454590290e-01
4.342218098882808519e-01
9.964740312887375440e-02
-5.548120300656542853e-02
7.235840629894114695e-01
4.693693980306326563e-01
1.347207732876879005e+00
1.704775833251506834e+00
7.298950100779209860e-02
3.500037128527359598e-01
9.997140865866641635e-01
4.388039529469320299e-01
4.393728148489406404e-01
6.284329742491334692e-02
1.140943796540693889e+00
1.015535702867011558e+00
4.710492529045570143e-01
6.369952253239905549e-01
1.107129019783447799e+00
-1.451959397832728871e-01
3.509059948502047440e-03
4.448356355553566011e-01
4.934394621230061562e-01
7.109986981629706770e-01
-8.244451615023956972e-04
2.254892017407996163e-01
4.171366344666216919e-01
9.167727459188325101e-01
6.026802228886738583e-02
5.558673521199719580e-01
-8.239394366887293764e-01
-3.190824008481923935e-02
4.352754882757556842e-01
-1.539733143242472957e-01
5.082073429469224912e-01
-5.025993586724760709e-01
6.861388703037035741e-01
1.843591535289049510e+00
8.911668517156928759e-01
