
Figur of merit = weighted_fidelity_chi
Problem = wavy lines
Number of qubits = 2
Entanglement = y
Number of layers = 10
Minimization method = L-BFGS-B
Random seed = 30

BEST RESULT


THETA = 
[[[-3.42198796e-01  1.00872900e+00  8.55411210e-01]
  [-1.90657702e-01 -3.18147748e-01  8.01888493e-01]
  [ 2.61713088e-01  4.80244652e-01  3.18859101e-01]
  [ 7.65244995e-01  7.60094921e-01  8.19714199e-01]
  [ 9.52967685e-01  1.86989818e-01  1.20912486e+00]
  [ 5.88078912e-01  3.34822920e-01  3.44414197e-01]
  [ 4.88347138e-01  9.97524609e-01  3.88517390e-01]
  [ 7.58563143e-01  4.34221810e-01  9.96474031e-02]
  [-5.54812030e-02  7.23584063e-01  4.69369398e-01]
  [ 1.34720773e+00  1.70477583e+00  7.29895010e-02]]

 [[ 3.50003713e-01  9.99714087e-01  4.38803953e-01]
  [ 4.39372815e-01  6.28432974e-02  1.14094380e+00]
  [ 1.01553570e+00  4.71049253e-01  6.36995225e-01]
  [ 1.10712902e+00 -1.45195940e-01  3.50905995e-03]
  [ 4.44835636e-01  4.93439462e-01  7.10998698e-01]
  [-8.24445162e-04  2.25489202e-01  4.17136634e-01]
  [ 9.16772746e-01  6.02680223e-02  5.55867352e-01]
  [-8.23939437e-01 -3.19082401e-02  4.35275488e-01]
  [-1.53973314e-01  5.08207343e-01 -5.02599359e-01]
  [ 6.86138870e-01  1.84359154e+00  8.91166852e-01]]]
ALPHA = 
[[[ 0.15414705  0.32331938]
  [ 0.67165791  0.56861416]
  [ 0.18274177  1.43824838]
  [ 0.22615931 -0.42238364]
  [ 0.01743119  0.58138138]
  [ 0.34709968  0.68837947]
  [ 2.15947598  1.98080609]
  [-0.55865435 -0.21914333]
  [ 0.3155219  -0.37584463]
  [ 0.33605291 -0.38072215]]

 [[ 0.55821454  0.28833606]
  [ 0.47974201 -0.08192228]
  [-0.03723681 -0.46549165]
  [-0.0737288   0.11536403]
  [ 1.2677138   0.57399097]
  [ 0.84498597 -0.16472159]
  [ 0.99184446  0.94206571]
  [-0.51809124  0.4535908 ]
  [-1.0320902   0.68612912]
  [ 1.09595172 -0.27230727]]]
WEIGHTS = 
[[-0.07144195  1.18071094]
 [ 1.03844537  0.04773301]
 [-0.01759804  1.14360514]
 [ 1.15988093  0.07697854]]
chi**2 = 0.01977813006980855
acc_train = 0.96
acc_test = 0.928