1.516939957792172722e+00
-1.450595965210443317e-01
9.188084590801292029e-01
7.181941753660792127e-01
1.216988744327861083e+00
-1.744197386146379758e+00
-2.847461112732934119e-01
-1.780084291122316253e+00
-1.480746434432368863e+00
-1.142865020355869232e+00
-9.755361639841494403e-01
-1.155915122828923558e-01
6.941545736466263605e-01
4.378605168118996360e+00
1.257053949481071964e+00
2.159118203553352267e+00
-1.753010681532430448e+00
1.891994750967502803e+00
1.361266189985317121e+00
3.082842010551439138e+00
-1.313278051991486617e+00
7.004865378516466068e-01
2.532962503144557953e-01
4.293922233367046815e+00
