1.074454620452501841e+00
-1.135954201385935558e-01
9.294336664578513318e-02
-5.954971505409333288e-01
-1.942474643979176796e-01
2.989396291516653870e-01
1.128640108870179626e+00
7.160487946517107849e-02
8.302087859486734917e-03
8.504463917664591144e-02
1.179513790168711829e+00
1.587082973759707250e-01
-6.933592227135855213e-01
1.465637613003898387e+00
1.601231706285169087e+00
5.626275557586634113e-01
1.729407056439202561e+00
1.879021445385229194e+00
-9.208313392147499110e-01
3.056941930865273577e-02
1.305457356969321969e+00
3.943901716946648928e-01
3.796891813602752408e-01
8.186853263302119876e-02
