5.688821154649104095e-01
2.033157578654130493e+00
-2.383851077715611222e+00
1.731909155199410577e+00
-1.558665842890908149e+00
-2.065994469207104611e+00
2.619842613008612542e+00
8.037489870565389660e-01
-1.293560320548443332e-01
2.116398218646540763e-01
4.656242459107944875e-01
2.395710059426248706e-01
8.718935763999539068e-01
1.718811279769803635e+00
-2.522418831253149252e-01
-1.261505923981613320e+00
1.995106117013990765e+00
5.733141799935820293e-01
5.826955228385245489e-01
2.259913354170939748e+00
-1.527034888688386105e-01
-2.563435748231359668e+00
6.909666461115554492e-01
4.958376130350853894e-01
