1.240967193520930711e-01
4.283749948451703871e-01
4.161429096338815081e-01
2.204600934615901231e+00
6.105993592429453720e+00
3.218579902262540315e+00
-2.835044630757399542e-01
-3.196066269385291481e+00
-4.646926138892083502e-01
-3.074411743574614192e-02
-1.216940332459973684e-01
2.395327817825320393e-01
5.308562941696224335e-01
-1.756098647412241531e+00
1.179045673937725303e+00
2.626531224218803917e+00
-3.013501475075793135e+00
1.404826527475314668e+00
3.208707189418292249e-01
1.006013622571072741e+00
-1.292655412753105915e-01
-1.049726948807863103e+00
-5.889701278596382039e+00
4.957925925661358924e-01
