-1.290771022474541119e-01
1.635081359739807505e+00
8.554352566906434641e-01
-8.951445064366871096e-02
-2.610793477803824425e-01
1.428270923790504021e+00
4.307202731630357384e+00
1.488595118513984072e+00
3.759518278521370438e-01
-2.337282739676254106e-01
-3.174658662893735661e-01
1.828034999783136216e+00
1.669476073146253015e+00
-6.434918103796659350e-02
1.315669756726639272e-01
1.483028432383642015e+00
2.752123598821743511e-01
9.309586760097499081e-02
1.589053712801095974e+00
4.419402370342296882e-01
3.289569444084122218e-01
3.003246419603036621e+00
1.538401671388047065e+00
-4.559093696735556644e-01
-3.829218980409005990e-01
2.898236589241845462e-01
1.573576014662097622e+00
1.933829554757210634e+00
1.933944183660951943e-01
-3.608103378519583182e-01
3.511052855914469917e-01
1.362946158005390762e+00
6.314496938181157759e-02
-1.224553924653898784e+00
2.817773221475452713e-02
1.504204167308049733e+00
