2.063095183292013690e+00
1.647031887654232030e+00
8.554333459621119573e-01
8.618112769417343166e-01
-9.971671443279734870e-01
1.440190071390954341e+00
-1.083881027208819237e-01
6.806580462062885584e-01
-3.601511363013719658e-01
-9.175941281145534312e-01
4.298460538184005197e-01
1.020122761311527126e+00
-2.895397103813619033e+00
-1.036704673942577593e+00
8.788733131280979105e-01
-5.250612092178846835e-01
1.841099643860831359e+00
-8.792787028816394512e-01
1.388654577199675444e+00
1.030016191834361328e+00
1.894796326681306819e+00
1.406450331049270863e+00
4.773943794434190591e-01
1.321385349896530559e-01
