7.433501829946904671e-01
4.324387786197861003e-03
-2.610494184626830916e-01
5.540985224468627512e-01
-3.163121874941909883e-02
-2.485356905444880748e+00
6.925987773291107930e-01
2.451169692780049425e-01
-3.522678006617493418e-01
5.719814318985437795e-01
4.471988237079221884e-01
2.395448563341012749e-01
1.681482848712748890e+00
-3.637950465586609061e-01
-1.456253558777606649e+00
1.361126425382517713e+00
1.636394611651690756e+00
1.344008459685330115e+00
-9.846995592850791290e-01
1.954523351449986013e+00
-8.559300051640733598e-01
1.350378542933569070e+00
7.405795908125245575e-01
4.958138661919336831e-01
