5.248408617917434960e-01
2.414510730993626453e-01
8.554116236012543339e-01
6.796420498554383016e-01
-4.236674486364537251e-01
3.461354074151869881e-02
2.477529464628337674e+00
5.048838376893051427e-02
2.133382266558964957e-01
1.206776057486407927e+00
2.966754208599713810e-02
3.899579626904761676e-01
-4.012036748216846194e-01
1.808540590448315610e+00
4.786943123126781718e-01
5.737340752539586697e-02
2.752412840458291488e-01
1.965964919087488383e+00
-1.082004610621712937e+00
5.027272389004977526e-01
3.289374943285668373e-01
1.374466804968457190e+00
3.264492871235162852e-01
-3.951471778233222043e-01
1.047976682618842581e+00
3.019339633896805375e-01
3.615970254461939315e-01
-5.447370955673076498e-01
1.595877392819863294e+00
-3.486600704841196219e-01
4.180827539367324430e-01
-3.966269695149931412e-02
1.465624309082951493e+00
-1.749413675288109982e+00
2.819213962096528067e-02
1.015663383258477714e-01
