
Figur of merit = weighted_fidelity_chi
Problem = squares
Number of qubits = 4
Entanglement = y
Number of layers = 4
Minimization method = L-BFGS-B
Random seed = 30

BEST RESULT


THETA = 
[[[-0.51129676  0.68134581  0.85540694]
  [-0.31899689  0.27729354  0.47450553]
  [ 1.44629758 -0.00942389  0.91429983]
  [ 0.21071332  0.59000127  0.33004637]]

 [[ 0.72701451  1.14447843  0.97461167]
  [ 0.33919113  0.07469508  1.30190307]
  [-0.61676403  0.30545007  0.12838978]
  [ 1.12045788  0.1890133  -0.59242654]]

 [[ 0.62373574  1.00248844  0.51253739]
  [ 1.06193363  0.56798439  0.35189368]
  [ 0.1770432   1.32846063  0.43773187]
  [ 1.67164316  0.138947    1.46968946]]

 [[ 0.90773221  0.48393845  0.60234136]
  [-0.00179303 -0.43967572  0.01639881]
  [ 0.7316822   0.61463228  0.41651788]
  [ 1.30255442 -0.48752958  0.53832971]]]
ALPHA = 
[[[-0.41622562  0.48186859]
  [ 1.28014594  1.3894924 ]
  [ 1.72241774  0.35163288]
  [-0.59827384 -1.1266241 ]]

 [[ 0.91232491  0.90234993]
  [ 0.35674483  0.1746168 ]
  [-0.14976377  0.84323952]
  [-0.20674311  0.54624458]]

 [[ 0.02009476  2.56151126]
  [ 0.63209585  1.30207763]
  [ 0.29463455  1.82349593]
  [ 0.09115198  0.54727787]]

 [[ 0.98288617  0.33465858]
  [ 0.61122462 -1.01046174]
  [ 1.37989504  0.41683395]
  [ 0.63265545 -0.33816962]]]
WEIGHTS = 
[[ 1.40696925 -1.29028393  0.4884427   0.64124922]
 [ 0.97604277 -1.47044013  1.36283614  0.01916603]
 [-0.96656344  1.57089052  0.10414399  1.11844245]
 [-0.90703578  0.82261218  0.22353214  1.16171867]]
chi**2 = 0.01883146718713276
acc_train = 0.99
acc_test = 0.94525