5.370013160435610500e-01
4.214750275123161916e-01
6.216301147650259429e-01
-3.023660886319454177e-01
1.411236799933412112e+00
2.784043153418346295e-01
1.164080568801271642e+00
5.327994069767667540e-01
2.716780926697432569e-02
-5.998239195285242076e-01
-9.874165970782264878e-01
-1.761439056103361045e-01
7.891171863195490799e-01
1.782153847900488586e+00
1.313749041798767114e-01
8.364673025000748385e-01
7.956990986419438805e-01
-9.986345940329567628e-02
2.155699077749188675e+00
2.107919108661047980e-02
6.257306762693887192e-01
2.260960280313433657e+00
2.599666456114164248e+00
5.579836265673508988e-01
1.239851073373809676e-01
2.178949188265328463e+00
-1.718611381814702521e-01
-4.935037319912293635e-02
-1.245896917376541291e+00
-2.247501462707044873e+00
-4.226046174766645569e-01
1.301349565436151545e+00
1.411914595826988750e+00
1.037913352465320294e-01
9.697149881181438280e-01
2.493569739292526233e+00
