1.223842945073258193e+00
9.593625101841610769e-01
8.554103846291920554e-01
4.245090863552399840e-01
7.979655833768579953e-02
7.525225844763271388e-01
3.800481738496790940e-01
4.517455256262933316e-01
7.168021684799106286e-01
1.950034107450130616e+00
1.003653223463341515e+00
7.912159344359155355e-01
-3.557815917381650372e-01
4.524075918415325082e-01
1.452683610746011933e+00
2.401052395284468677e-01
2.752422611721291323e-01
6.098310857014698216e-01
1.888681797323409128e+00
9.576105575961854077e-01
3.289372057488771373e-01
1.638095379456657175e-01
-2.475124046423915133e-02
5.973370632638728278e-02
2.125335718078109615e+00
1.160376292508042750e+00
1.039601951722086449e-02
1.505739163409392845e+00
1.041181601899088260e+00
5.097821681061271981e-01
-4.960764452927404755e-02
1.385427566864098070e+00
9.109296672948327123e-01
1.402141759846347258e+00
2.819128365400648539e-02
1.526657169669733749e+00
1.186490606381660706e+00
6.167513137620285191e-01
6.023437679435030834e-01
7.609494524654104586e-01
-3.249419542115161708e-01
1.492112446310194795e-01
5.810796910498015055e-01
-5.381741679944278961e-02
5.312523261954910092e-01
-6.750430821479048993e-02
6.119681777423173763e-01
-1.301207100002138017e-01
-9.764781319891181477e-01
6.045808523314406546e-01
9.423448004488945706e-01
1.611007638333302516e+00
6.720525738564977480e-01
9.795877650973920936e-01
-3.408400677732640327e-01
-2.380433958629114277e-01
2.013618025891411312e-01
1.417085153505833750e+00
1.332425688198066172e-01
1.449154279932024780e-01
-1.054739628061319046e+00
-1.643706420869954846e-02
1.497230996446420777e-02
4.160508605463483778e-01
4.631151852758152443e-01
4.221472875006682113e-01
1.208978957140889099e+00
3.991303615695733775e-01
3.446495787149836398e-01
1.680915012043733281e+00
2.084913703031721424e-02
8.311215521462332889e-01
