1.541470462822900900e-01
3.233193808970296623e-01
6.716579103022162212e-01
5.686141598393814611e-01
1.827417734890061096e-01
1.438248378795727866e+00
2.261593073684569355e-01
-4.223836449318359443e-01
1.743119486530551529e-02
5.813813787332576810e-01
3.470996757291259782e-01
6.883794676083658803e-01
2.159475977915736866e+00
1.980806090419695353e+00
-5.586543548065431297e-01
-2.191433299599093998e-01
3.155218961987147908e-01
-3.758446251721908049e-01
3.360529055021630462e-01
-3.807221499035736145e-01
5.582145370744534540e-01
2.883360592325995286e-01
4.797420106330347878e-01
-8.192228230731556093e-02
-3.723681257883112994e-02
-4.654916453376501950e-01
-7.372879564803316854e-02
1.153640255900791750e-01
1.267713796482014654e+00
5.739909737435613390e-01
8.449859693059457166e-01
-1.647215878516951337e-01
9.918444645295831918e-01
9.420657079705949677e-01
-5.180912396390255914e-01
4.535908043316608240e-01
-1.032090201584387801e+00
6.861291163038115704e-01
1.095951717372712686e+00
-2.723072665284568261e-01
