
Figur of merit = weighted_fidelity_chi
Problem = non convex
Number of qubits = 4
Entanglement = y
Number of layers = 10
Minimization method = L-BFGS-B
Random seed = 30

BEST RESULT


THETA = 
[[[ 0.28488289  0.47107553  0.8554106 ]
  [-0.2239654  -0.08791258  0.26423587]
  [ 1.51058865  0.0949176   0.54909203]
  [-0.08589181  0.57517016  0.43438666]
  [ 0.61573331  0.64184988  1.02419961]
  [ 0.1752853   0.40976942  0.79927396]
  [-0.73226812  0.45882242  0.46346529]
  [ 0.99248998  0.47218086 -0.43905322]
  [ 1.03231275  0.72512843  0.50732901]
  [ 0.948384    0.56905663  0.07453445]]

 [[-0.00848934  0.37677121  0.43880436]
  [ 0.14481188 -0.32958229  0.51800064]
  [-0.0418098   0.94714961  0.24456965]
  [ 1.91099129  0.42376107  0.47960885]
  [ 0.56188903  0.6935684   1.27995607]
  [ 0.10684968  0.68971074  0.61726533]
  [-0.20740329  0.33029954  1.02008708]
  [ 1.14607759  0.39350924  0.70530553]
  [ 0.83836599  0.35675809 -0.07718201]
  [-0.15467928  0.50117581  0.73971696]]

 [[ 0.27247437  0.37176985  0.38290531]
  [ 0.92922797  0.44314531  0.81035567]
  [ 1.28830929 -0.21911177  0.32467852]
  [ 0.79180849  0.1349442   0.21287964]
  [ 1.21704566  0.7903069   0.16379969]
  [-0.08286692  0.77935042  0.03018954]
  [ 1.76026753  0.29856285  0.71064889]
  [ 1.34831923  1.11640417  0.18855326]
  [ 0.21556081  0.37555945  0.77881355]
  [-0.12143921  0.34923324  0.81217417]]

 [[ 0.92477229 -0.04077307  0.87342519]
  [ 0.58858181 -0.37719524 -0.32261774]
  [ 0.33333823  1.1710142   0.45708993]
  [ 0.92481095  0.49387155  1.07350568]
  [ 0.6326335   0.64099919  0.62633871]
  [ 0.65745728  0.26575111  1.24870884]
  [ 0.71496061  0.09994454  0.39145944]
  [ 0.47568867  0.65713909  0.28479055]
  [ 0.88005699  0.79152133  0.86282741]
  [ 0.18026378  0.80847698  0.97755533]]]
ALPHA = 
[[[-0.07429593  0.73457302]
  [ 0.95858472  0.60822828]
  [ 0.59288267  0.74916538]
  [ 0.54370519  0.76066088]
  [ 1.44090337  0.61894796]
  [-0.23908361  0.36788675]
  [ 0.35723789  0.37848267]
  [ 0.51619485  0.09771628]
  [ 0.89515698  0.88573299]
  [-0.39449427  0.30890453]]

 [[ 0.07723128  0.33294525]
  [ 1.14648036  0.55578833]
  [ 1.83107718  0.23799874]
  [ 0.9691219   1.27441246]
  [ 0.44152189 -0.1128972 ]
  [ 1.12923607  0.27846246]
  [ 0.53858977  0.77923984]
  [-0.22695472  0.8732402 ]
  [ 0.75477662 -0.01921585]
  [ 1.09886312  0.88983234]]

 [[ 0.63967291  0.79154992]
  [ 0.21191329  0.23059881]
  [ 1.13313573  0.69818238]
  [ 0.41788107 -0.0568908 ]
  [ 0.56366735  0.49386451]
  [-0.65213773  1.33380972]
  [ 0.78683635  0.28852182]
  [-0.01954377  0.48470134]
  [ 0.4998752   1.07212601]
  [ 0.7243236   0.43182749]]

 [[ 1.79749774  1.0658933 ]
  [ 0.94389828  0.5483957 ]
  [ 1.02251613 -0.09040458]
  [ 0.65420755 -0.54687784]
  [-0.02571511  0.64381201]
  [-0.13705841  0.09280573]
  [ 1.21944528  0.82271286]
  [ 0.68552925  0.89987295]
  [ 0.50546489  0.61063878]
  [ 0.66327197  0.15935813]]]
WEIGHTS = 
[[-1.0869236   2.31986882  1.19167034 -1.39768888]
 [-1.13831026  2.33831892  1.20827481 -1.43122572]]
chi**2 = 0.017225933020803264
acc_train = 0.99
acc_test = 0.96875