2.848828862628899894e-01
4.710755255462371616e-01
8.554106038978500637e-01
-2.239654028015993503e-01
-8.791257664195305244e-02
2.642358738441185073e-01
1.510588646909036825e+00
9.491760167017329608e-02
5.490920337577166466e-01
-8.589181266349685262e-02
5.751701569191618457e-01
4.343866646303827239e-01
6.157333109285607620e-01
6.418498785213790914e-01
1.024199607508626375e+00
1.752852998348172486e-01
4.097694190285536830e-01
7.992739649734770246e-01
-7.322681228623633132e-01
4.588224232260823543e-01
4.634652886515174819e-01
9.924899758534972971e-01
4.721808595780124795e-01
-4.390532179224764242e-01
1.032312745962713718e+00
7.251284330244596177e-01
5.073290134271145613e-01
9.483839985894259028e-01
5.690566328060291390e-01
7.453445207208733714e-02
-8.489342910876225556e-03
3.767712095237479852e-01
4.388043576243165211e-01
1.448118834966697632e-01
-3.295822869764724050e-01
5.180006406306620903e-01
-4.180979583251193815e-02
9.471496094038153180e-01
2.445696530716474082e-01
1.910991285778327331e+00
4.237610704803216888e-01
4.796088533728627423e-01
5.618890263576979960e-01
6.935684017463731310e-01
1.279956070125177314e+00
1.068496777940723397e-01
6.897107423161152884e-01
6.172653308143082329e-01
-2.074032912964529352e-01
3.302995407709419240e-01
1.020087084320239423e+00
1.146077591390578299e+00
3.935092405611285704e-01
7.053055336200844128e-01
8.383659933663069053e-01
3.567580897707272602e-01
-7.718200711732155217e-02
-1.546792808524787011e-01
5.011758113268824921e-01
7.397169605147827509e-01
2.724743692455489641e-01
3.717698505102001727e-01
3.829053093823678311e-01
9.292279717908531467e-01
4.431453070578138531e-01
8.103556696911743407e-01
1.288309289118661605e+00
-2.191117691380278787e-01
3.246785232751124850e-01
7.918084892703155520e-01
1.349441969606466896e-01
2.128796386329360746e-01
1.217045656495125527e+00
7.903068992579779239e-01
1.637996900660473598e-01
-8.286692473157504513e-02
7.793504179635407647e-01
3.018953807022755828e-02
1.760267531539827957e+00
2.985628545291219016e-01
7.106488875390839510e-01
1.348319226779577162e+00
1.116404170632927961e+00
1.885532555896885509e-01
2.155608111595024023e-01
3.755594466415728139e-01
7.788135475683309883e-01
-1.214392115212973439e-01
3.492332368833920841e-01
8.121741701262651381e-01
9.247722902146141566e-01
-4.077306782008573161e-02
8.734251898348390775e-01
5.885818063225887187e-01
-3.771952370321322578e-01
-3.226177400529130490e-01
3.333382309641980679e-01
1.171014199545984180e+00
4.570899319610460254e-01
9.248109494210789983e-01
4.938715499074343707e-01
1.073505682827066376e+00
6.326335013501626081e-01
6.409991881943004621e-01
6.263387136102761543e-01
6.574572807126910501e-01
2.657511097938747291e-01
1.248708835419962027e+00
7.149606092204948693e-01
9.994453610861291082e-02
3.914594410247485001e-01
4.756886684940065391e-01
6.571390870848827781e-01
2.847905465991577012e-01
8.800569921643808247e-01
7.915213334586471694e-01
8.628274076348141364e-01
1.802637820010612180e-01
8.084769754912798367e-01
9.775553287602062325e-01
