
Figur of merit = weighted_fidelity_chi
Problem = squares
Number of qubits = 2
Entanglement = n
Number of layers = 8
Minimization method = L-BFGS-B
Random seed = 30

BEST RESULT


THETA = 
[[[-0.2813136   1.15818439  0.85541174]
  [-0.17750778 -0.30569086  0.95134439]
  [ 1.14982392  0.14661365  0.33131334]
  [ 1.19608902  0.80665396  0.48608416]
  [ 1.2193813   1.33868453  1.25568498]
  [ 0.06991975  0.27598101  1.49610969]
  [ 0.51543246  0.28781065  0.32967577]
  [ 0.44123976 -0.05564417 -0.61006433]]

 [[ 1.12993194  1.30270546  0.51253925]
  [ 2.74102361  0.81033061  0.65211361]
  [ 0.93158745  1.00552746  0.68007869]
  [ 0.72797469  0.12091993  1.14675503]
  [-0.69052369  0.48070235  0.69507185]
  [ 1.22186657  0.0800171   0.0131613 ]
  [ 0.57683082  0.53880126  0.93621249]
  [ 0.66423794 -0.23229152  0.46249826]]]
ALPHA = 
[[[-0.02292397  0.74085086]
  [ 0.4342604   3.93771316]
  [ 1.40820033  0.55862383]
  [-0.81458929 -0.6904724 ]
  [-0.88265629  1.84581254]
  [ 2.02458733 -0.04751388]
  [ 0.60067763  0.68651615]
  [-2.32771594 -0.44515693]]

 [[ 0.90330432  1.42707437]
  [ 1.23942545 -1.77115098]
  [-0.7979173   0.84953931]
  [ 0.82537937  1.98456473]
  [ 0.40147506  1.49036107]
  [ 0.3282509  -1.5916241 ]
  [ 1.21871091 -1.47805078]
  [ 1.57323744 -0.48983663]]]
WEIGHTS = 
[[0.85492395 0.28382141]
 [0.28908768 0.80557249]
 [0.31541711 0.80995208]
 [0.91858006 0.28317726]]
chi**2 = 0.019221233712082272
acc_train = 0.98
acc_test = 0.94025