2.650345925907754419e-01
6.163288894726566269e-01
8.554101944743324193e-01
5.162098731613982139e-01
2.719756017177448193e-01
4.094875190516625851e-01
1.167934591917681564e+00
6.149196724241871026e-01
9.089794014408583145e-01
-1.364671735507491546e+00
1.019534967145324655e+00
9.543871484392307813e-01
7.328380506144340778e-01
2.781795460793369257e-01
1.468564596294004154e+00
4.915479361493596544e-01
-9.120965830987584622e-02
4.356040688370731995e-01
1.613719581946338133e+00
1.221671591466065854e+00
-3.751269128218081422e-02
9.488686441600149291e-01
2.125754526527325050e-01
3.237944040768100940e-01
1.228380142516423357e+00
1.071647204027867950e+00
2.477262510506861304e-01
1.045593271272617031e+00
5.690576423151931795e-01
4.210532404167014464e-01
1.426958675597218007e-01
9.509469639456312740e-01
4.388048397152462532e-01
-6.945151563058528377e-02
3.005324123744802511e-01
1.092177849878025464e+00
-5.015983809703628699e-02
8.419941742630174808e-01
8.746847206898897831e-01
9.595693579859475575e-01
-3.574827581278059996e-01
3.744520420040124975e-01
7.820776734161343224e-01
9.900765242495732088e-02
4.987128755434817040e-01
1.477547485918960790e-01
7.963164546101746399e-01
2.270450009261718027e-02
-2.675686793320988244e-01
4.502926252744400282e-01
1.126694351315684406e+00
3.291468180518407616e-01
1.175530159698671140e+00
8.252988621516125223e-01
2.399424175938204840e-01
2.147100342806277651e-01
7.048372985335347174e-01
1.352977234703246934e+00
5.011762553889029803e-01
5.976673998605362970e-01
