-1.260803017887415223e+00
7.684285930407748211e-01
-2.427600329205975571e-01
2.548611544859110123e-01
3.478092185339852760e-01
2.630935034086875346e-01
3.677702951982880220e-01
3.235229249224004788e-01
7.418249519952904159e-01
7.475070464524182778e-01
1.025329340532485034e+00
1.339165676700183383e+00
-1.222173649500676688e-02
4.880231391109900452e-01
-1.722428661553697449e+00
-1.227000327366065235e+00
2.960149080771527164e+00
-3.132005368234647147e-01
1.285112867265984615e+00
2.900268527510684868e-01
6.176402961721461082e-01
6.523833248651129679e-01
-3.785274393745120536e-01
4.917985642720026362e-01
-3.265140536426582862e-01
7.227655843661807689e-01
2.139972370459609641e-01
3.328939308374529449e-01
5.985043567714510848e-01
5.815346040382504134e-01
8.765965718956587605e-01
4.295409316440594871e-01
1.280695103181782313e-01
6.580177603631468530e-01
-4.278094359991611029e-01
6.141836600313769212e-01
5.497012857737491043e-01
1.064466195867563636e+00
7.719416948589961081e-01
4.087837071349685880e-01
