-6.204903437966099444e-01
-2.346705191306493188e-01
9.298219310641622770e-02
1.466409240966864536e+00
-1.082258362057640227e-01
1.778759739621683100e-01
-6.817722478305703326e-01
1.048636499347878948e+00
9.425599663983134924e-02
4.438545558007375158e-01
1.775448176329873728e+00
1.135759949456824458e+00
-1.567281286537155927e+00
-1.460456954764135784e-01
2.197178299908376875e+00
1.972558374729640684e+00
5.208207613142220582e-01
2.673407177528848155e-01
2.764077101355294719e+00
2.896063036441666738e-01
9.685024205421804977e-02
5.781806162824896234e-01
1.133952412896343631e+00
3.409224448967557164e-01
4.395813225230271182e-01
3.359063060085989982e-01
1.673144604698019844e+00
4.886464778685553623e-01
4.999954443600083676e-01
5.120285189218333199e-01
