-8.375906802693915409e-01
-7.747552702044665507e-01
7.681161018468260493e-02
9.076917993533323292e-01
-3.289416754235018336e-01
2.867990005356844563e+00
2.757804204344096011e+00
2.241955213743499709e+00
3.220066220076675201e+00
1.186737865420201432e+00
1.215527898320587719e+00
-1.242270095924713713e+00
-1.290717211759061289e+00
-8.929023197563807912e-01
4.357834477806952655e+00
1.218695349961167240e+00
-1.313207103643394991e+00
-6.429339580615031080e-01
-1.148794337205639948e+00
3.992484317998004073e+00
-3.738765197705648191e+00
1.798259111799291321e-01
-8.288518818734094129e-01
-2.403623818327779826e+00
1.145059227220049713e+00
1.359775173504778945e+00
2.443196635938432060e+00
5.819327208540485685e-01
6.497157899521197599e-01
2.389776952781843100e+00
