1.236543321368032577e+00
-6.141640307216714723e-01
2.314222095218476216e+00
2.096610015035814900e+00
-2.332081026191695994e+00
1.749511592383369910e-02
4.917114291410772942e-01
-1.054701157613454135e-02
1.589986359689299356e+00
-4.097960370549655340e-01
1.434789557045452746e+00
2.395445251542147047e-01
-3.445485445874563180e-02
4.597231960943368723e-01
1.702975823444799808e+00
1.804585256795226744e+00
-1.122727267845926580e+00
4.992883333332700513e-01
1.876852349768540984e+00
-1.346776093710000621e+00
-1.448665346313011915e+00
1.981111828331120872e+00
7.390650111201580996e-01
4.958150085881266045e-01
