-4.164699619757881166e-01
-1.529812019906633125e-01
8.554113151983170349e-01
5.371802718278997357e-01
6.332295222713241190e-01
-3.598232875789375007e-01
3.302775157758182090e+00
4.442057915460651540e-01
1.270235789737794940e+00
6.067554996730337713e-01
1.647212562446951134e+00
7.836761710362729616e-01
1.609062495638854839e+00
1.236869526118390628e+00
2.096246194941161267e+00
-9.183550202133020646e-01
2.752431510271354242e-01
1.394295828396161507e+00
-1.981890147796247226e-01
1.594071974884216036e+00
3.289374713621161517e-01
-1.293083179678871764e+00
1.223350738611077793e+00
6.961954351559905829e-01
-1.518149136434926882e+00
9.426362394199101491e-01
1.258498742155941041e+00
1.219469948926075187e+00
1.515005403983147980e+00
2.920412747741198967e-01
1.023549781646537982e+00
1.462682869759208248e+00
1.384751546902722730e+00
-2.646384074666998099e-01
2.819152041434877173e-02
1.603912082521479210e+00
