1.025772769405840501e+00
1.494892286185888652e+00
4.722691643448820642e+00
7.887244311777675820e-01
2.233879431901824447e-02
1.632288680223625610e+00
-1.809465947054124557e+00
-1.602121314934557894e+00
2.704102803771481156e+00
3.720471706873288653e+00
9.892292491414675926e-01
-1.963046626859921595e+00
2.418822060401413232e+00
1.342978644556852785e+00
4.575967574927795489e+00
-1.063974842728705239e+00
1.682209919409950016e+00
-1.406291632131395408e+00
-1.551360778903147830e+00
2.286879287850125841e+00
