-1.509770666021640062e-01
6.401726801547071855e-01
1.146373275208765419e+00
3.985841662190177104e-01
2.788980863195191784e-01
5.211157129513335207e-01
9.101260912133186665e-01
7.350791599759479711e-01
2.134849381600241180e-01
5.530520081225006601e-01
6.959600390500118028e-01
2.580440684725820444e-01
-9.551865172621802902e-01
-5.190537486354597496e-02
-7.240669563005918130e-01
6.032206416678004279e-01
8.558863805535332769e-01
4.391961575312365862e-01
1.093643425313101991e+00
4.954545999513223498e-01
1.095963033087000715e+00
-2.459098449585717661e-01
1.322431481637434736e+00
1.820183936741759156e+00
5.426713383479306874e-01
1.069733248390619895e+00
7.174994845025639556e-01
-1.355912262326501860e-01
3.466758810878367014e-01
-1.801170014537668840e-02
1.361180459177837865e-01
1.307346182442235272e-01
1.350843613630419437e-01
7.841515500378847259e-01
3.805496967691181509e-01
6.507330973946485742e-01
2.151260611139504397e-01
6.939605019613852566e-01
7.113572091789647223e-01
3.831483598257768436e-02
-4.104359087496878278e-01
5.997405351940967577e-01
6.136795237319040419e-01
1.849820386933895833e-01
4.975907900339499590e-01
1.476206390852229655e-01
7.189030032199881237e-01
6.908178470467715160e-01
9.327151788310210634e-01
2.324123601456809241e-01
6.441907383242895246e-01
1.222178377615967593e+00
1.443828165079199255e-01
5.423115286422390824e-01
4.889525836943193204e-01
1.391337064462755679e-01
6.822424970275924316e-01
1.506695599522266393e-01
7.495528923345381456e-01
3.465332617051909980e-01
1.586595551599747633e+00
5.158965459724798586e-02
2.673222436096839849e-01
9.130898865284524657e-01
