-3.924667581043767006e-01
6.177014436055732194e-01
8.554099117135094410e-01
-9.934661679673749413e-02
-2.097901013717578811e-01
4.108612899917460926e-01
9.798992801597876667e-01
5.087515525356383073e-01
4.272148131046282771e-01
1.150900732033011131e-02
4.589367003175683357e-01
8.482206540709742448e-01
-2.543001479142483201e-01
1.854453601376535865e-01
9.079662905740533141e-01
1.783211785318060127e-01
-4.438169702474198397e-02
3.428696121272659103e-01
5.707998360902388768e-01
1.163777235394896525e+00
9.314321355647650624e-03
4.811307310333773346e-01
5.458929261859005733e-01
2.659007514367121017e-01
4.519814664909849178e-02
1.218774249872791149e+00
5.125387423369875961e-01
2.549976431291789969e-01
5.584896023551516597e-01
5.681807013651049010e-01
-8.693915525974350855e-02
5.120757763263384943e-01
4.282372324505059891e-01
-4.878368817711538630e-01
-5.326349629778538708e-02
6.533047900329383983e-01
3.564500865744647529e-01
9.910435493216525060e-01
5.208880615123090418e-01
5.421218000457386221e-01
-3.172281852238707511e-01
5.235027307328824486e-01
5.843922188863952538e-01
-3.921954249161056505e-01
5.389662851654131170e-01
1.008965772180867804e+00
7.884583266868344653e-02
-4.684987857739662531e-01
1.613195317815039054e-01
-2.198586827462061799e-01
8.388337426126146745e-01
5.790365156999652818e-01
7.821192831365443299e-01
1.551478279580932595e-01
-8.841365412056358120e-03
3.275598440937250305e-02
3.114278968919638735e-01
1.340330184880508924e+00
4.340498202354275969e-01
4.157151604152629631e-01
-6.701488084340614382e-01
5.344168205194601562e-01
3.157802455017438281e-01
-8.385647197927020846e-02
-2.264992948280937224e-01
9.730025352843090225e-01
5.710048303047398077e-01
3.673939301126348256e-01
-3.449653219345557575e-01
1.595306941383277222e+00
-3.408786047552331833e-01
7.993855737780107829e-01
8.264669620856230914e-01
3.762446997784847924e-01
4.970433053004334745e-02
6.638369198063015508e-01
8.031352586910699420e-01
-3.838731016100577764e-01
1.164110233967871055e+00
-1.647399669245238341e-01
7.344343053750392869e-01
9.644282697550964345e-01
3.857775389357603335e-01
-2.747504757874542070e-01
-5.230171055454782003e-01
3.503255511953659584e-01
4.818713896057286172e-02
2.390323649969224029e-02
6.133642895057804800e-01
7.869403071321722232e-01
3.679262650552611591e-01
6.386752245270346240e-01
1.137555203440166585e+00
1.606111258661763630e+00
4.119906124650437040e-01
3.568312060321137125e-01
