
Figur of merit = weighted_fidelity_chi
Problem = sphere
Number of qubits = 4
Entanglement = n
Number of layers = 5
Minimization method = L-BFGS-B
Random seed = 30

BEST RESULT


THETA = 
[[[ 1.21323357 -0.24734699  0.09298183]
  [ 0.78503981 -0.02333229  0.16520187]
  [ 1.34030156  0.27155273  0.17914963]
  [-0.08881744  1.08817406  0.35867447]
  [ 0.69456288  0.33076734  1.50990573]]

 [[ 1.1111173   0.92261318  0.74415733]
  [ 0.57004611  0.69471078  0.4986433 ]
  [-0.07570723  0.52038886  0.74602409]
  [ 0.65568771  0.92836189  1.05958526]
  [ 1.57292409  0.50000168  1.10448096]]

 [[ 1.19200067  0.83559629  0.07681658]
  [ 0.3504726   0.47691477  0.78383214]
  [-0.65400024  1.12204054  0.99172159]
  [ 1.19172989  0.36653008  1.20748088]
  [ 0.80565834  0.66110151  0.80997129]]

 [[ 0.45989521  0.41370405  0.65239647]
  [ 1.05861077  0.78434643  0.36283203]
  [ 0.67206101  0.54326032  0.01860414]
  [ 1.10436416  1.02472458  0.37329523]
  [ 0.08263655  0.649717    0.84296654]]]
ALPHA = 
[[[ 0.6037803   0.55425153  0.42705658]
  [ 1.23344408  0.89658084 -0.45402422]
  [ 0.57860833  0.31761836 -1.15068244]
  [-0.13991036  1.66158558 -1.12422217]
  [ 1.28460667  0.25663877 -0.48726094]]

 [[-0.38175742 -0.3059377   0.30103063]
  [-0.1332471  -0.06082573  1.06160652]
  [ 0.57900572  0.61870836  0.54354661]
  [-0.33118692  0.92193849  0.16971153]
  [-0.21676474  0.60510668 -0.42494353]]

 [[ 0.2024626  -0.11107085  0.06716473]
  [ 0.40525761  0.11142081  0.02338613]
  [ 0.9057935  -0.23695845  0.01761632]
  [ 0.59959951  0.31263704  0.06533083]
  [ 0.38034056  0.48847091 -0.07881888]]

 [[ 0.77738688  0.64998742  0.90112646]
  [ 1.04827298  0.25169128  0.55707384]
  [ 1.08649241 -0.18627069 -0.06057137]
  [ 1.21643219  0.01320884 -0.62164948]
  [ 0.17050984  0.19058766  0.7215204 ]]]
WEIGHTS = 
[[ 1.65596548  1.67071413 -0.24702658 -0.69023238]
 [ 1.65120237  1.62626107 -1.6432069  -0.67667316]]
chi**2 = 0.06639738828020794
acc_train = 0.96
acc_test = 0.9425