1.213233567466473817e+00
-2.473469906936817397e-01
9.298182720343851904e-02
7.850398078774705191e-01
-2.333229366066489480e-02
1.652018666845971040e-01
1.340301555535768907e+00
2.715527341455634680e-01
1.791496250507792209e-01
-8.881744136309500937e-02
1.088174061488322408e+00
3.586744697040575858e-01
6.945628824525138523e-01
3.307673441729636621e-01
1.509905726653067992e+00
1.111117304619920976e+00
9.226131844333228527e-01
7.441573254155459116e-01
5.700461093757803743e-01
6.947107765166207205e-01
4.986432968648176201e-01
-7.570722605348934042e-02
5.203888628018883411e-01
7.460240909672797294e-01
6.556877061406689577e-01
9.283618865003797627e-01
1.059585260579543498e+00
1.572924092703855248e+00
5.000016768544034429e-01
1.104480962708808134e+00
1.192000665732724896e+00
8.355962895824167180e-01
7.681658190221936355e-02
3.504725985474128058e-01
4.769147706159795330e-01
7.838321393260243575e-01
-6.540002400449421716e-01
1.122040535548098905e+00
9.917215867443233135e-01
1.191729893102623228e+00
3.665300805624633895e-01
1.207480880431910819e+00
8.056583375237148514e-01
6.611015059698375218e-01
8.099712938194996159e-01
4.598952070198455422e-01
4.137040545975298467e-01
6.523964654165420596e-01
1.058610773652657988e+00
7.843464272509518276e-01
3.628320257425189932e-01
6.720610060877270087e-01
5.432603188427685970e-01
1.860414354701654324e-02
1.104364160412591556e+00
1.024724575969784945e+00
3.732952321972508036e-01
8.263655020837493148e-02
6.497170017130058373e-01
8.429665412451661233e-01
