1.432377774818623495e+00
-2.390039945973050362e-01
9.298360111633259539e-02
9.527107530608236452e-01
-7.695934974543119922e-02
1.735457715463698536e-01
6.215640907532964388e-01
1.476902717787764940e+00
1.255233148917569708e-01
1.013388158515876158e+00
-1.799003895391509400e-01
1.564027446646355957e+00
-9.473892172463556083e-01
3.307673572125038874e-01
2.418272808763191895e-01
1.586539963912367845e+00
1.720104785815867343e+00
7.441576477006697221e-01
-5.008616156578563627e-01
3.379255326199689068e-03
1.296135139918651591e+00
-3.648128813727632425e-01
-2.166358468566629836e-01
5.469262932890558288e-02
1.943750997630851796e+00
1.466132845556318065e+00
3.225633454708415337e-01
-1.197919454267648148e-01
5.000036632693448668e-01
1.642255925719289245e+00
