3.267629021957521585e-01
-2.181354771378322954e-01
7.681848093054746696e-02
4.176026134938536916e-01
2.244643358365310704e+00
4.990617984566971810e-01
-4.153829901957183379e-01
7.015825109560833717e-01
2.160049044558540465e-01
2.029618718389113730e-01
-2.316577728191344387e-01
9.907314623081525662e-01
-7.542748808440105091e-01
6.611044295759969103e-01
3.928459551945629458e-01
1.348313916943232105e+00
-2.630410913126586259e+00
6.523999178413391054e-01
-4.104441699335359406e-01
1.367634403978111646e+00
-1.425882483898479325e-01
2.534217899821146203e-01
2.229881829129329862e+00
-1.181921904838220128e+00
5.396743061508190165e-01
2.180546609512581391e+00
-9.334212544391559119e-01
-4.982551131464476035e-01
6.497196662215284357e-01
-2.208215928871304357e+00
