-1.598417225196439861e-01
1.506333781810078154e+00
1.869470479023933041e-01
2.559709610230275212e-01
2.102830246341993725e-01
3.581270907344672461e-01
8.818678926327358503e-02
3.270717263618327375e-01
5.950728604274287958e-01
1.088992457643385370e+00
6.599685875329716622e-02
9.813480078939512685e-01
9.170923310160842279e-01
1.067300223980435225e+00
4.820183204616954598e-01
4.846128944476064682e-01
2.148109445280837471e-01
7.735009880200588439e-01
-1.225901732348569639e-01
2.240831094658732592e-01
1.144993288392951891e+00
7.167423428877559566e-01
8.982210106999918287e-01
5.414675155488380964e-01
9.073013390859805405e-01
8.939126435449767927e-02
8.711778938814294104e-01
5.187412524011166814e-01
4.627280807814517227e-01
-1.596599419218585059e-01
7.416389878878761888e-01
-1.430106939823583001e-01
7.882424901744513601e-01
6.205560156384313242e-01
1.670983616607237821e-01
6.500571176177757371e-01
8.308418505076557992e-01
8.823694725567511610e-02
3.758676639220797644e-01
8.968641702897437451e-01
-7.938108774922153499e-01
6.194698030168246383e-01
-5.809508696131211458e-01
2.470576753456339425e-01
7.721858606239917489e-01
5.964623071052577163e-01
2.652874566557697489e-01
-1.294422247339691023e-01
7.367367846594481406e-01
-5.059945776852028398e-01
-2.704558991472229001e-01
7.352592517182375553e-02
8.045913109889588632e-01
6.459335300179204209e-01
8.370778193688341862e-01
3.755372870063898860e-01
7.279824703093653593e-01
7.792982539112712770e-01
3.114049609913663863e-01
5.815635942290946492e-01
1.223264179025666198e+00
6.191803947127452190e-01
8.092801857678986188e-01
-1.377780785188207069e-01
1.122351569222568068e+00
-2.233178808324590980e-01
7.472493326064086894e-01
-9.302795983020360759e-02
1.924809570048359730e-01
1.291225939335688688e-01
7.698858139959400271e-01
-7.834944090326052824e-02
1.273499018689976392e+00
6.176823550079612035e-01
1.390920640625428195e+00
5.472827181563165722e-01
1.512000036130525027e+00
5.095714245355675853e-01
5.936065592248973566e-01
2.462657405115939724e-01
