
Figur of merit = weighted_fidelity_chi
Problem = crown
Number of qubits = 4
Entanglement = y
Number of layers = 10
Minimization method = L-BFGS-B
Random seed = 30

BEST RESULT


THETA = 
[[[ 5.24375100e-01  3.50227744e-01  8.55410570e-01]
  [ 4.11791893e-01 -2.78870595e-01  1.43387791e-01]
  [ 1.13760781e+00  7.12889408e-01  3.58134525e-01]
  [ 7.32200820e-01  7.62476215e-01  1.05235874e+00]
  [ 6.79950965e-01  3.72966410e-01  1.21150554e+00]
  [ 2.59488031e-02  9.64341485e-02  5.30390272e-01]
  [ 8.07995077e-01  9.42454409e-01  1.50128789e-01]
  [ 7.70423110e-01  7.31152347e-01  4.45774664e-02]
  [ 2.92346128e-01  7.31273801e-01  7.66300584e-01]
  [ 1.48797181e+00  5.69056116e-01  8.06797542e-02]]

 [[ 1.41781766e-01  7.36267575e-01  4.38804043e-01]
  [ 6.75243662e-01 -9.98757499e-02  8.77497592e-01]
  [-2.94524985e-01  4.18659602e-01  4.74275881e-01]
  [ 1.76844699e+00 -8.53092707e-02 -4.88806253e-02]
  [ 5.03133729e-01  1.98138935e-01  7.70885188e-01]
  [ 1.44532987e-01  7.63070884e-01  1.21835019e-01]
  [ 9.76115256e-01  9.93299151e-02  1.09344764e+00]
  [ 1.46000779e+00  3.32149824e-01  4.74336833e-01]
  [-2.13577116e-01  3.08048136e-02 -1.38541539e-01]
  [ 7.78150273e-01  5.01175622e-01  4.13763665e-01]]

 [[ 2.87396889e-01  4.75143294e-01  3.82905428e-01]
  [ 6.11031544e-01  5.01693821e-01  9.13728653e-01]
  [ 1.18810114e+00  4.17832367e-01  3.83227739e-01]
  [ 1.90531496e-01  2.93172322e-01  8.49823956e-01]
  [ 4.99135258e-01  7.60365212e-01  3.22027814e-01]
  [ 3.28427174e-02  5.56174341e-01  2.47917712e-04]
  [ 1.42458764e+00  5.62036076e-01  4.87473079e-01]
  [ 1.23835345e-01  5.18611064e-01  4.52026922e-01]
  [ 2.61955584e-02  1.74903987e-01  1.81021152e-01]
  [ 3.32033020e-01  3.49233162e-01  6.11519048e-01]]

 [[ 4.41376312e-01  8.73457609e-02  8.73424788e-01]
  [ 5.07301556e-01 -3.35735601e-01 -1.94497885e-01]
  [ 5.46670759e-01  6.76334119e-01  4.98550711e-01]
  [ 1.11280830e-01  3.62044285e-01  5.78825446e-01]
  [ 1.46539943e+00  7.68396733e-01  4.94511737e-01]
  [ 2.62480713e-01  6.35645359e-01  1.37610637e+00]
  [ 2.99592792e-01  2.14373912e-01  7.61353820e-01]
  [ 1.01011341e+00  8.47950919e-01  3.99219311e-01]
  [ 1.40711071e+00  9.63058180e-01  1.05363996e+00]
  [ 4.16098775e-01  8.08476956e-01  1.14909164e+00]]]
ALPHA = 
[[[-4.39217988e-02  9.44004898e-01]
  [ 8.22337567e-01  3.35911832e-01]
  [ 2.13804986e-01  4.51219424e-01]
  [-4.22136867e-01  5.08629264e-01]
  [ 1.22719281e+00  8.87908900e-01]
  [ 4.74452926e-01  7.61369155e-01]
  [ 1.54843324e+00  3.32703568e-01]
  [ 6.30501342e-01  4.35369301e-02]
  [ 4.99222394e-01  5.48368803e-01]
  [ 5.10262172e-01  3.08904149e-01]]

 [[ 7.53022886e-01  7.77815065e-01]
  [ 3.76285517e-01  6.16664043e-01]
  [ 1.70172590e+00 -8.65303591e-02]
  [ 5.64570790e-02  7.75633467e-01]
  [ 8.39707556e-02  3.83823535e-02]
  [ 3.42808270e-01  2.05919247e-01]
  [ 5.89374724e-01  1.35109491e+00]
  [-1.70713038e-01  3.85983660e-01]
  [ 8.85931863e-01  6.35112620e-01]
  [ 2.71579627e-01  8.89832183e-01]]

 [[-4.07133450e-01  9.82859519e-01]
  [ 8.93876514e-01  4.18382248e-01]
  [ 1.41607416e+00  4.21457770e-01]
  [-3.69806464e-05  1.87080790e-01]
  [ 1.18990328e+00  3.59927980e-01]
  [ 1.06355151e+00  8.41651455e-01]
  [ 5.62916342e-01  5.95153701e-01]
  [ 2.05521176e-01 -9.50908361e-03]
  [ 6.91024386e-01  6.99010004e-01]
  [ 7.86025380e-01  4.31827177e-01]]

 [[ 1.21863837e+00  9.07790831e-01]
  [ 5.66477107e-01  3.76602537e-01]
  [ 8.34616197e-01  2.14733475e-01]
  [-3.54829277e-01  6.00183923e-01]
  [ 3.23017624e-02  5.98015965e-01]
  [ 1.26366362e-01  1.32230066e-01]
  [ 9.14295070e-01  1.12327041e+00]
  [ 1.33689475e+00  8.34728462e-01]
  [ 8.77335780e-01  5.44209659e-01]
  [ 4.85023355e-01  1.59358317e-01]]]
WEIGHTS = 
[[ 3.46202736 -1.00436865 -1.36600151 -0.01684702]
 [ 3.42338996 -1.01680759 -1.46500959 -0.04263707]]
chi**2 = 0.03210444295038274
acc_train = 0.985
acc_test = 0.92525