5.243751004932504234e-01
3.502277436246805653e-01
8.554105696242889634e-01
4.117918930479656514e-01
-2.788705945088252314e-01
1.433877913539037263e-01
1.137607809008554183e+00
7.128894075136045227e-01
3.581345245394694787e-01
7.322008200143450551e-01
7.624762146754048286e-01
1.052358735242497234e+00
6.799509650026315244e-01
3.729664100208549549e-01
1.211505542080346443e+00
2.594880314290994028e-02
9.643414853444966239e-02
5.303902724495779264e-01
8.079950770599952925e-01
9.424544091600207674e-01
1.501287888184520136e-01
7.704231095489372239e-01
7.311523469565170963e-01
4.457746643540023979e-02
2.923461283259085608e-01
7.312738010166540681e-01
7.663005842163487236e-01
1.487971809353136887e+00
5.690561158361731042e-01
8.067975422000440988e-02
1.417817661334403179e-01
7.362675749157732152e-01
4.388040429650957308e-01
6.752436623682880334e-01
-9.987574989452351060e-02
8.774975923029164626e-01
-2.945249847171992341e-01
4.186596024122406501e-01
4.742758805781317477e-01
1.768446985742232025e+00
-8.530927066463801778e-02
-4.888062529303111026e-02
5.031337293601700900e-01
1.981389347749440977e-01
7.708851876086620925e-01
1.445329873202302884e-01
7.630708843308581235e-01
1.218350193312590646e-01
9.761152559870426293e-01
9.932991512409533597e-02
1.093447642071508685e+00
1.460007790121735649e+00
3.321498239103611305e-01
4.743368334245609552e-01
-2.135771157353490990e-01
3.080481356579857152e-02
-1.385415388811067350e-01
7.781502730783002031e-01
5.011756215577153339e-01
4.137636648687219587e-01
2.873968894373589711e-01
4.751432939572908243e-01
3.829054281244339553e-01
6.110315444508498395e-01
5.016938210716571644e-01
9.137286528189813017e-01
1.188101141991985576e+00
4.178323666177396478e-01
3.832277385995114249e-01
1.905314958002816694e-01
2.931723218523830110e-01
8.498239556097755276e-01
4.991352580018357799e-01
7.603652121689534749e-01
3.220278135121636964e-01
3.284271736442618411e-02
5.561743410195064685e-01
2.479177116107324219e-04
1.424587644443164436e+00
5.620360755550108944e-01
4.874730791830260146e-01
1.238353452677221633e-01
5.186110640851592235e-01
4.520269217682216234e-01
2.619555842216048785e-02
1.749039868339225257e-01
1.810211518578568879e-01
3.320330199123207593e-01
3.492331617235849839e-01
6.115190480278658303e-01
4.413763121678314638e-01
8.734576090895779243e-02
8.734247879212889698e-01
5.073015560930783652e-01
-3.357356012239890997e-01
-1.944978845428907421e-01
5.466707593437223345e-01
6.763341192258265355e-01
4.985507106644535558e-01
1.112808302268371019e-01
3.620442847058683022e-01
5.788254462433498615e-01
1.465399425766739316e+00
7.683967334191171838e-01
4.945117374301921109e-01
2.624807129312267118e-01
6.356453586106256548e-01
1.376106371991339339e+00
2.995927922221270356e-01
2.143739124158788867e-01
7.613538203552185912e-01
1.010113409405999807e+00
8.479509185781023417e-01
3.992193110728067262e-01
1.407110707584906084e+00
9.630581796144810358e-01
1.053639960043298629e+00
4.160987751073821905e-01
8.084769559535526229e-01
1.149091644958031067e+00
