-1.398219991874027679e+00
1.154468247006484871e+00
8.554262443497639978e-01
-7.258281797753971009e-05
5.128599939351270454e-01
9.476139061895598736e-01
1.398949513307594206e+00
7.565492568812248741e-01
1.149856859124394948e+00
1.201218397428083814e-04
5.255829429787076679e-01
1.096047206556637565e+00
1.570592232236185382e+00
7.068919839122690396e-01
9.746188151141302880e-01
5.240167182878414653e-01
-2.703216509306950732e-02
8.642979175804178515e-01
1.203726207922183322e+00
1.234415468723466081e+00
2.665962103173752720e-02
1.570994152372068298e+00
4.773965799880944827e-01
3.365609729561698238e-01
