-3.276439944335597931e-01
2.989390437701845427e-01
9.777581600180355048e-01
7.140440173156955561e-01
3.414057547822085814e-01
6.436505438477413410e-02
3.810540461350247488e-01
2.892892664528585733e-01
2.812562732373659058e-01
2.796695564342319140e-01
9.292133635647852330e-01
9.922985325971905857e-01
1.237950239517150663e+00
2.933064450913495658e-01
7.181521502621556197e-01
-3.477701700507833116e-01
8.038592250527627492e-01
6.604535769128311307e-01
5.852916913732354454e-01
2.220005058287298216e-01
2.459822545014402340e-01
1.107235963554427993e+00
1.905866459133307711e-01
6.682173665665760431e-01
3.250697873311761410e-01
8.956584470013541077e-01
7.421156047150634372e-01
2.915471247772493113e-01
8.190166654741142249e-01
2.038198370783346133e-02
-2.279004048841832553e-01
1.092093328124988716e+00
2.928674869859964613e-01
9.916873111449865386e-01
8.524944981673244770e-01
5.877595175688806739e-01
2.913565893720468924e-01
9.063220417283883723e-01
-2.841035215544255310e-01
-4.492955082603666828e-02
8.900152185685779038e-01
-2.958454764773084666e-01
3.459936560959542273e-01
5.654966949532942433e-01
-4.938152855044590783e-01
3.593870135875801841e-01
9.259713366876426432e-01
6.354988397363103836e-01
5.193450979912543897e-01
5.261085199360872044e-01
5.908580405670691427e-01
9.405798432806480314e-01
5.587575550592520646e-01
9.222290268066327679e-01
-2.146564349580284692e-01
8.296440666290018362e-02
4.430123930679422117e-01
-4.146425009929146088e-01
6.187542802686526455e-01
2.536640497613161793e-01
9.563729545338571780e-01
1.036863887397912576e+00
3.120283311918117808e-01
6.885933579635958313e-02
1.826928414809018963e-02
4.785518182487434324e-01
2.591726395380415382e-01
4.236709292883029665e-01
8.698971805529266410e-01
5.895818696434185213e-01
4.849120147764664490e-01
2.843351163394398640e-01
1.020143613934431231e-01
5.827140091135173394e-01
3.416353190820706209e-01
1.164649988519713464e+00
4.074524060105691459e-02
1.044192128112092277e+00
-1.427715865270838547e-01
4.131101374278700056e-01
1.033349427990901237e+00
7.775960794239378249e-01
4.585940497853711051e-01
6.540325773217989802e-01
6.287019198471536230e-01
6.814175973783440643e-01
1.208308131660152718e+00
2.796467432061799374e-01
2.716863453937431450e-01
1.638613809864886139e+00
2.269923790567484612e-01
3.255488591278542509e-01
6.539222713320238523e-01
1.273895362742556436e+00
8.374084248027777733e-01
3.980330621693437543e-01
