3.487435494351556753e-01
2.645716701871693388e+00
2.219325704635107588e+00
2.215284311197638800e+00
-2.281217264000569567e-01
3.468509892724869759e-01
7.567508724943304843e-01
1.128591307174353908e-01
-7.326453363243918826e-01
2.198522223669795217e+00
-6.931985730591967432e-01
2.443034703491245629e+00
3.072886349701717257e-01
1.363247891503943376e-01
-6.554649870495116160e-01
7.630760067618366227e-01
2.008564166230335582e-02
3.384413770343464023e-01
-4.341627240997807460e-03
4.160482065910539595e-01
3.345533893268421571e-02
6.715918040399248001e-01
-2.000138502056859890e-03
8.785304104275299952e-01
-1.344995799503110989e+00
1.817360461247329972e+00
-1.256448861474168677e-01
1.041292624800244926e-01
6.614778037672016664e-01
3.531607710278446555e-01
7.837424532951176026e-02
2.900254035917180784e-01
