
Figur of merit = weighted_fidelity_chi
Problem = crown
Number of qubits = 4
Entanglement = y
Number of layers = 4
Minimization method = L-BFGS-B
Random seed = 30

BEST RESULT


THETA = 
[[[ 0.90376553  0.09540808  0.855413  ]
  [ 0.06492591  1.22230341 -0.11143242]
  [ 1.70845594  0.69879275  1.85930835]
  [ 0.59918204  0.52558286  1.03826507]]

 [[-0.24037957 -0.0975777   0.97461307]
  [ 0.28661148 -0.67847383  0.05984482]
  [ 1.51390679  1.14882818 -0.62477931]
  [ 1.0583462   0.4773938   0.25095121]]

 [[-0.01842244  1.30082893  0.51254011]
  [-0.04953398  0.53934797  0.6502417 ]
  [-0.13123044  0.54107385  0.40909986]
  [ 0.06707994  0.02819018  0.6823075 ]]

 [[ 0.27803189  0.3095996   0.60234444]
  [ 2.6959447  -0.69448418 -0.15794116]
  [-0.51281376  0.5911266   0.16170584]
  [-0.70875515  0.50846065  0.51481803]]]
ALPHA = 
[[[ 3.48743549e-01  2.64571670e+00]
  [ 2.21932570e+00  2.21528431e+00]
  [-2.28121726e-01  3.46850989e-01]
  [ 7.56750872e-01  1.12859131e-01]]

 [[-7.32645336e-01  2.19852222e+00]
  [-6.93198573e-01  2.44303470e+00]
  [ 3.07288635e-01  1.36324789e-01]
  [-6.55464987e-01  7.63076007e-01]]

 [[ 2.00856417e-02  3.38441377e-01]
  [-4.34162724e-03  4.16048207e-01]
  [ 3.34553389e-02  6.71591804e-01]
  [-2.00013850e-03  8.78530410e-01]]

 [[-1.34499580e+00  1.81736046e+00]
  [-1.25644886e-01  1.04129262e-01]
  [ 6.61477804e-01  3.53160771e-01]
  [ 7.83742453e-02  2.90025404e-01]]]
WEIGHTS = 
[[-3.26152741 -0.48061628  1.55772954  3.24621059]
 [-3.26481355 -0.59570528 -0.98796688  3.26996641]]
chi**2 = 0.04915274179453608
acc_train = 0.985
acc_test = 0.9605