-8.208339155800820075e-01
8.725114192975356175e-01
8.554067097824266108e-01
-8.836068515122875722e-01
2.250369183520953165e+00
6.656768090174142172e-01
3.100632591158449247e-01
6.833628337339693326e-01
2.887380324360365513e+00
-4.647180014395422276e-01
-2.520309832642110948e+00
1.022841024752025207e+00
2.339494714741776615e+00
2.218176368378232510e+00
9.746132701712595381e-01
-1.639088185478576598e+00
-1.411627280966380793e+00
2.375603538454577279e+00
1.876679128408114794e+00
7.030117572673334481e-01
-1.357932447181764646e+00
1.257088786833875371e+00
-4.611736085875788316e-01
-1.948616973853314893e-01
