3.693361852816004487e-01
7.306735913884887523e-01
8.554115543492327722e-01
8.936651318337779371e-01
-3.343215837008253755e-01
5.238338235093800144e-01
1.607007355759091149e+00
7.460540350313613622e-01
3.026826540135917898e-01
-1.713515342047846168e+00
1.001424034780743488e+00
1.085523333539144764e+00
-5.598954784776266624e-01
4.810227192551678188e-01
1.450453439624086460e+00
7.766305725568870555e-01
4.153879955250453504e-01
6.384468436279588932e-01
4.891208676860341331e-01
1.290140108618669457e+00
4.690822563284356983e-01
2.742556358548128292e-01
4.773916822504060686e-01
3.922651251590459354e-01
2.767873592006458439e-01
5.738459624487576294e-01
5.125398479080784941e-01
1.765640426370113980e+00
-5.879188249048642595e-02
-7.674827182110355306e-02
5.821796635572888956e-01
6.718567992862671812e-01
-1.890465828386921343e-01
-1.112488363221411980e+00
-2.897151322483165203e-01
8.130866656911360790e-01
1.038968012678261443e+00
5.109099800981536238e-02
2.844362902020183825e-01
1.050193377348779489e+00
-5.246134559487841686e-01
-4.164491823787108693e-01
3.380305513099102210e-01
3.949341808416460819e-03
3.315815691162248835e-01
-4.810626408277199895e-01
5.084577265583682948e-01
-7.235200045175076144e-02
