-1.975514128609337172e+00
2.107081104807770888e-01
8.554201119934660147e-01
2.144477773219863326e-01
2.553516788695235906e-01
3.871805869198437916e-03
1.484540374353546355e+00
-1.226755144612978299e+00
8.923405530940938801e-01
-4.389029405162664377e-01
5.255863093323563939e-01
-8.872989891912715921e-01
1.506792943401526363e+00
7.129828087355950528e-01
9.746216915136884928e-01
3.017865152537041462e-01
4.444638394764154898e-01
8.704077683293538481e-01
5.372638492504931695e-02
7.951068034385887495e-01
4.981721057100085837e-01
1.517290690644960582e+00
4.773803816319795446e-01
-1.027421553489049760e-01
