-7.353201316852076008e-02
9.256494211668800931e-01
8.554119700593746378e-01
2.965673735071799655e+00
-5.621974589285294588e-01
7.188095742628943796e-01
1.414410792926024119e+00
6.091494900256058109e-01
7.480725887372007277e-01
4.763621118508447050e-01
9.708895419434384610e-01
9.486184579261133232e-01
7.862843943841602012e-01
-7.909925485834175263e-02
9.746105716527012630e-01
-5.981384108604808070e-01
2.071315054600257055e-01
7.832824543707318787e-02
9.258503234407087223e-01
9.165027669521969012e-01
3.289367861204961496e-01
3.757847699031525712e-01
1.447034436430485904e+00
1.862578643434774361e-02
