1.532176129076318283e+00
2.530028335915414761e+00
-5.093900893960658788e-02
-4.751355209814692948e+00
-1.389489612248083539e+00
3.063962679685011015e+00
1.299151374337098375e+00
-6.555394372114616841e-01
1.536065191299881061e+00
-1.044966872871344377e+00
-1.714499648967739098e+00
2.395483471113512286e-01
-2.069586460886903012e+00
1.749430586163850387e+00
1.199737383782671918e+00
1.387995816445255493e+00
3.939331082815379581e+00
1.651348390524729481e+00
-1.231463200573017946e+00
1.637831276094261268e+00
4.997783621616000538e+00
1.549665213914647843e+00
1.700366073611897066e+00
4.957978337417225934e-01
