4.198239971850249996e-01
5.911402406457579861e-01
9.880883265569068152e-01
-1.743313306547333019e-01
1.027764716577386633e-01
8.047441917739190931e-01
-1.475031696535069048e-01
6.106466095151185103e-01
1.113178761206150558e+00
8.105200117146313943e-01
9.255707164925781605e-01
6.630284928535842282e-01
1.384883117348884030e+00
1.088198570422491240e+00
8.441915029109511304e-01
1.405596938458300305e-01
4.384967683226897450e-01
2.907484083524644602e-01
-3.380838094743399136e-01
3.089048939238828728e-01
5.026324208783428116e-01
9.563203294789102138e-01
9.257987328847605557e-01
2.418564485962662047e-01
8.633567184324025812e-01
-5.284841854770224723e-01
9.481200155809959007e-01
8.518991274618726850e-01
9.586279955436974864e-01
9.882529465428027682e-02
1.473030457271325755e+00
2.678152533849635919e-01
9.607319896093233780e-01
9.041021279561103352e-01
3.297092316898829756e-01
9.500393822031544255e-01
1.098887088828746306e+00
2.461493483368021873e-01
7.051042087064234298e-01
8.898324268064211617e-01
3.364420383625702643e-02
6.905123578317725608e-01
-1.045732996238090268e-01
-6.640659316755838371e-02
6.876739229139771092e-01
6.525729031825189264e-02
3.374409545876628225e-01
-7.082082153923181800e-02
7.996330301637014637e-01
1.732038548004636858e-01
2.286556858168297124e-01
6.498043564205885358e-01
8.228402487420900524e-01
2.840014671240403410e-01
3.439507854482519722e-01
1.673904392707385169e-01
4.038192002296382699e-02
8.711523309915348845e-01
-3.099675775481678386e-01
4.318275670430815616e-01
1.320381719321978675e+00
6.173267353478342212e-01
5.672659446046398601e-01
-3.081783147053218097e-01
1.034192867833446217e+00
-1.678840467964105576e-01
5.797763263506019449e-01
-3.167329014086781025e-02
-1.965167259064657390e-01
1.334253998871373303e+00
2.135952822497595993e-01
3.577048783073152882e-01
1.144019194021789199e+00
2.097949222663863245e-01
1.227676114475348523e+00
2.471674898294073108e-01
8.985040648653209727e-01
6.780382680057871481e-01
9.657329645779040295e-01
1.593580349305290800e-01
