8.974623897874731138e-02
5.425666129874262555e-01
8.554106700796746399e-01
1.520708965981472649e-01
3.848981203757110281e-01
3.357258609495828994e-01
1.209351701375524613e+00
4.414379339302900163e-01
1.021902955661969647e+00
6.924436025654893134e-01
5.472193949145265357e-01
7.809072296865925411e-01
1.254538294853696723e+00
1.667287222379637002e-01
9.962488749104213559e-01
7.290081282837347354e-01
1.122490701664129037e-01
3.241532595562765517e-01
4.909853382812860989e-01
1.091962015026500588e+00
1.659444142755202023e-01
-5.084658992709748526e-01
7.206451334104957418e-01
1.940853432124831912e-01
5.337545636260521142e-01
8.896565502536784020e-01
7.557927262352670539e-01
1.580703685702544048e+00
5.690568816628225335e-01
2.390629162657237905e-01
2.891484661571248616e-01
8.332481820336428147e-01
4.388034098328643107e-01
5.789267939876080460e-01
-5.470153002698742439e-02
9.744771629997258655e-01
1.193511359075800415e+00
3.181599903029882492e-01
5.194511385712634599e-01
1.524128143343268071e+00
3.312573021333012901e-01
-1.493805067911259665e-01
5.113410608851297612e-01
4.129640075791332632e-01
1.187452312669864840e+00
-2.021233838111815284e-01
2.680544595502166727e-01
3.366607415684875204e-01
-8.364220497427998779e-01
1.301495433974499960e-01
5.984316025641592818e-01
-1.513939804972095349e-01
4.950655609256327527e-01
5.051554917196570127e-01
2.829179573370554923e-01
2.554943777950801145e-02
2.437447225559716615e-02
2.487590234937341604e-01
5.011756055098955942e-01
4.085089308525321483e-01
2.865571255104395476e-01
5.493231551225014053e-01
3.829048998589277275e-01
7.886829635261149996e-01
4.991267279871988705e-01
9.879081444017182578e-01
5.468526699975172489e-01
6.132496278908701193e-01
3.806605285645359160e-01
3.055972455696953638e-01
1.855610019944185507e-01
1.045241309810918340e+00
1.689994391244750982e-01
1.110295626887437326e+00
2.144169529964139731e-01
-5.123048108633688758e-01
9.185699158801768904e-01
3.501786741147867033e-01
1.192875740670315210e+00
1.326424000062749742e-01
8.498688317371931866e-01
7.486882653058969384e-01
3.931527533349907788e-01
2.263263754578445988e-02
3.888244795125208042e-01
1.256103236445934301e-01
5.556239498269067295e-02
-1.592798844981157258e-01
3.492332298992191775e-01
5.622252310624425986e-01
-2.124928938548502622e-01
2.175506542990851000e-01
8.734246896690941453e-01
4.127545865252147395e-01
-1.333124557931558429e-01
-6.429259747163379446e-02
4.975047147494454092e-01
4.307604199147669899e-01
7.009737872035692874e-01
9.331419495127298847e-01
3.332871758076827451e-01
3.332521005575009854e-01
1.333965559646210775e+00
5.333891955624717740e-01
4.657548066166301570e-01
3.093390771369468606e-01
8.999852399449961848e-02
1.141098921947157674e+00
-2.159470371614204132e-01
-1.529521895866145231e-01
2.157078044824929652e-01
1.905893065933551844e-01
8.332060088684631882e-01
3.189417077875367906e-02
2.893149792863934922e-01
7.393855158954318885e-01
1.038895156610591064e+00
3.026403285499698614e-01
8.084774788059984063e-01
9.254187581710823229e-01
