3.681569579399403547e-01
2.068882159280431565e-02
8.554097477297172292e-01
-2.013133899990650899e-01
-6.075133747160189612e-01
-1.861529748422508790e-01
1.842114154553051719e+00
1.681511710881774813e-01
2.949044584425894455e-02
-6.396832233173633808e-01
4.684383082282131960e-01
7.836753226998257604e-01
9.619322855445391340e-01
3.113631402058745778e-01
9.174667530609533772e-01
-1.010894061774022967e+00
2.684261286127181401e-01
4.687875076374998229e-01
5.008150411054737017e-01
4.369791924335423849e-01
3.289362955816368395e-01
-4.288006109353499629e-02
1.202446214344350395e+00
-4.608957017223114239e-01
1.054311487893371702e+00
1.349568549577837340e+00
1.237594083824415270e+00
1.485082109034863596e+00
8.513932476797931859e-01
2.920424739791364077e-01
4.207988981757107005e-01
5.491909808929231751e-01
7.211400770743071620e-01
2.676368925367382801e-01
-1.303924132895528887e+00
6.904213618063029800e-01
