1.213155567336229756e+00
1.447184436493826054e-01
9.298190036542873516e-02
7.170779097591110096e-01
-2.740839369694726413e-01
5.572664436414815903e-01
6.435222397842245146e-01
1.048421039496500784e+00
-7.159993449006218924e-02
-3.050691717831756633e-01
9.348111396268776740e-01
1.135541778499534082e+00
1.729488151304640065e-01
6.112008198182466989e-01
1.356542071705399310e+00
1.572531303849321604e+00
7.017457700734358594e-01
1.024592747399018178e+00
5.481931039830742480e-02
6.319442750379321294e-02
2.777748710388578957e-01
1.434321610699710092e+00
-1.547298176169996098e-01
1.145104760854497722e-01
-3.913728040276525100e-01
5.498123174743453356e-01
3.844657136729303093e-01
3.697783827292052128e-01
8.887525315150407446e-01
7.259332448755236866e-01
1.426699913059377156e+00
1.541042914148400111e+00
4.655687463679399340e-01
1.244987481566238952e+00
1.068227808384685368e-01
1.489278745802117498e+00
1.252315923721379898e+00
6.947585068935029362e-01
6.216298789352017184e-01
-2.890800325936280779e-01
3.601681001040089591e-01
7.801977436450349135e-01
-3.582738554013823462e-01
2.994838745815399106e-01
8.036118219366363835e-01
1.060019717242388415e+00
2.326468919993446571e-01
2.907790113561767309e-01
1.281509792488230826e+00
1.816704632821943388e+00
1.817758301507368668e-01
-1.351757080975136027e+00
7.956955198900684811e-01
1.050962600758109433e+00
1.732166492601037833e+00
5.186014576489235139e-01
6.257296004113253041e-01
-1.111398788107873931e-01
9.146499835094239472e-01
3.368454871509812265e-01
3.234078090533157868e-01
6.108772370338261259e-01
6.919901009483858667e-01
-2.190940399566791430e-01
1.491716583824886255e+00
5.881821548592439663e-01
1.697434115112084418e+00
5.822188935331696902e-01
1.593893042312091834e+00
4.107898363244899542e-01
9.697146675986876296e-01
5.774273378213293784e-01
