
Figur of merit = weighted_fidelity_chi
Problem = sphere
Number of qubits = 4
Entanglement = y
Number of layers = 6
Minimization method = L-BFGS-B
Random seed = 30

BEST RESULT


THETA = 
[[[ 1.21315557  0.14471844  0.0929819 ]
  [ 0.71707791 -0.27408394  0.55726644]
  [ 0.64352224  1.04842104 -0.07159993]
  [-0.30506917  0.93481114  1.13554178]
  [ 0.17294882  0.61120082  1.35654207]
  [ 1.5725313   0.70174577  1.02459275]]

 [[ 0.05481931  0.06319443  0.27777487]
  [ 1.43432161 -0.15472982  0.11451048]
  [-0.3913728   0.54981232  0.38446571]
  [ 0.36977838  0.88875253  0.72593324]
  [ 1.42669991  1.54104291  0.46556875]
  [ 1.24498748  0.10682278  1.48927875]]

 [[ 1.25231592  0.69475851  0.62162988]
  [-0.28908003  0.3601681   0.78019774]
  [-0.35827386  0.29948387  0.80361182]
  [ 1.06001972  0.23264689  0.29077901]
  [ 1.28150979  1.81670463  0.18177583]
  [-1.35175708  0.79569552  1.0509626 ]]

 [[ 1.73216649  0.51860146  0.6257296 ]
  [-0.11113988  0.91464998  0.33684549]
  [ 0.32340781  0.61087724  0.6919901 ]
  [-0.21909404  1.49171658  0.58818215]
  [ 1.69743412  0.58221889  1.59389304]
  [ 0.41078984  0.96971467  0.57742734]]]
ALPHA = 
[[[ 1.02357472  0.94154638  0.11398763]
  [ 0.10933011  1.01780361 -1.49875272]
  [-0.1340521   0.23055036  0.46190785]
  [ 0.16513665  0.53456153  0.81179314]
  [-0.17368497  0.4225516   0.51487288]
  [ 0.92243421  0.60510794  0.515175  ]]

 [[ 0.52866267 -0.01004389  0.06716507]
  [-0.23542813  0.66949352  0.31592638]
  [-0.12099676  0.26210199  1.32216682]
  [ 0.33061001  0.26438546  1.41230085]
  [ 0.43720677  0.34320338  0.75027925]
  [ 0.22815035  0.71061207  0.80627788]]

 [[ 0.26242044 -0.1391925   0.65926966]
  [-0.79281542  0.68880211  0.42476863]
  [ 0.28889816  0.5981298  -0.05276518]
  [-0.06436293  1.22624994  1.37780637]
  [ 0.22410991  1.50703835  0.31876401]
  [ 0.44554524  0.89272571  1.25144663]]

 [[ 0.25344999  0.36111533  0.81806873]
  [ 0.01150119 -0.29644983  0.09651059]
  [-0.45451717 -0.38882205  0.20744016]
  [-0.11178671 -0.98552599  0.93087996]
  [ 0.95701953 -0.11612027  1.08696924]
  [-0.29630488  0.92597278  0.72789609]]]
WEIGHTS = 
[[ 1.71950689  0.35018322 -2.35550475  1.34994075]
 [ 1.72505912  0.30833364 -2.38922091  1.29317957]]
chi**2 = 0.05700656673977533
acc_train = 0.978
acc_test = 0.9415