1.023574721008432498e+00
9.415463784129938229e-01
1.139876331230565837e-01
1.093301069370676976e-01
1.017803613935933660e+00
-1.498752718032591913e+00
-1.340521019725956775e-01
2.305503588387096958e-01
4.619078503637476518e-01
1.651366529683537809e-01
5.345615279287309063e-01
8.117931431455900348e-01
-1.736849654322240033e-01
4.225516006824404092e-01
5.148728773539347214e-01
9.224342138433648808e-01
6.051079441659299452e-01
5.151749951318927989e-01
5.286626720407595625e-01
-1.004389085521281699e-02
6.716507295167771507e-02
-2.354281270513639279e-01
6.694935210688213179e-01
3.159263816715173201e-01
-1.209967647654290601e-01
2.621019923206058810e-01
1.322166820473344773e+00
3.306100060179407718e-01
2.643854621513602732e-01
1.412300846299263002e+00
4.372067747095289558e-01
3.432033831613536812e-01
7.502792513240402750e-01
2.281503490401467216e-01
7.106120671772777619e-01
8.062778794917718761e-01
2.624204441718103187e-01
-1.391924952372098345e-01
6.592696620640753347e-01
-7.928154191459050315e-01
6.888021082332385081e-01
4.247686266619462025e-01
2.888981620015316776e-01
5.981298040826658058e-01
-5.276518387409347144e-02
-6.436292581076942521e-02
1.226249944105855860e+00
1.377806368806127280e+00
2.241099094888832632e-01
1.507038345458094453e+00
3.187640115850624012e-01
4.455452442250238954e-01
8.927257115665381271e-01
1.251446627015116331e+00
2.534499906432400307e-01
3.611153327093608034e-01
8.180687284922424363e-01
1.150118974020162763e-02
-2.964498330255830316e-01
9.651058511612441160e-02
-4.545171682444096306e-01
-3.888220541651068451e-01
2.074401612784407267e-01
-1.117867095895949819e-01
-9.855259873834033568e-01
9.308799574285475664e-01
9.570195288992704441e-01
-1.161202697581115439e-01
1.086969243820336217e+00
-2.963048828934971568e-01
9.259727768714066665e-01
7.278960873243098817e-01
