1.731330163424632529e-01
-3.149549030878023848e-01
9.777578147732168823e-01
4.472213016430800492e-01
-5.900157192461989997e-01
7.963218281029836865e-01
4.720530794024275223e-01
1.908025184508903016e-01
3.203743909353724550e-01
-2.555111578184854904e-01
3.476250591984361149e-01
1.325971288855759822e-01
5.916451729402869564e-01
-7.800595451755071297e-01
-3.647962144783879063e-02
1.914725313773752435e-01
-4.613841453843213203e-01
8.751622356753854456e-03
5.551228937787716644e-01
2.720339207913887725e-01
-3.280943801164348111e-02
-1.394554295965092644e-02
1.905875700782866111e-01
4.121796017769804865e-01
2.173682010279579524e-01
9.000441730770977200e-01
7.421149165032385753e-01
2.566628673795068316e-01
8.044425115341895527e-01
-1.159859492545018689e-01
1.885727481654208559e-01
8.191866791634072609e-01
2.696259369255849525e-01
5.919981918250736275e-01
9.666583220200040960e-02
5.968958744489885615e-02
-3.476680323104901216e-02
1.576746213662173490e-01
3.105575514631791489e-01
4.843253711841726816e-01
1.858383747626225213e-01
4.907766443928939237e-01
5.203930042177986603e-01
9.576467017333504250e-01
-2.115474895592597826e-02
3.367606344372328087e-01
9.259711707789024526e-01
2.695402232445494040e-01
9.424580388850045676e-02
1.159706800076442557e+00
5.908586687387947789e-01
6.596127667102673620e-01
8.477615885902151094e-01
1.240364925056649081e+00
3.326131503049892801e-01
4.063583803181371468e-01
6.002852027052273387e-01
-2.651048716177699105e-01
8.220054032768825403e-01
-1.029510859552195123e-01
2.779220765916286529e-01
8.617022446804250002e-01
-2.783849513162102718e-01
8.600671389865666150e-02
-4.359394908850376393e-01
4.132746924921179565e-02
3.580879468942770871e-01
9.031707272705831457e-02
1.111693676367457639e+00
6.191042342741149840e-01
4.849118074783229093e-01
6.189373131817369478e-01
8.433396038708266262e-01
8.222347939922156623e-01
3.416362517208179628e-01
1.037470201305246587e+00
3.162699289026243976e-01
3.232342148353758993e-01
-2.332815778378236338e-01
4.269989286654035099e-01
8.250855978671198798e-01
-1.385135972592265174e-01
6.980951422685389707e-01
5.689115046969073219e-01
8.330760047245788780e-01
5.260404114612156068e-01
8.164438094631559784e-01
9.358830208772995762e-01
4.300050320975800089e-01
9.708019423912717105e-01
2.177673027194229616e-01
9.082677022438256920e-01
4.758668149198384545e-01
-1.124429317405358564e+00
8.374085165598291747e-01
4.224144042014653100e-01
