1.178020304479729052e+00
2.331969752253944872e+00
4.056487118762124311e-01
-1.702037007040607397e-01
-9.157781416317476442e-01
-2.166841460020850763e-01
1.649962952939072469e+00
4.439577867837905534e-01
1.035830505566283088e-01
2.472040394659532403e+00
-7.777159688460382192e-01
-8.346313592794142935e-03
-6.779107461272039226e-01
1.004065909169523929e-01
7.285360748810850717e-01
9.012724037172614722e-01
1.289049951995291821e+00
-6.479824719956542300e-02
-2.750107764368181842e-02
4.122255285063866626e-01
3.320845958786272645e-01
7.500344671097614047e-01
2.251200850931791841e-01
-1.849398524544861311e-01
