1.062355762172860096e+00
8.923337809739092519e-01
8.554117760577838459e-01
4.408682935398319791e-01
1.497292636103991492e-01
6.854938135356980489e-01
1.550137733443829102e+00
1.163044974753963290e+00
7.867354179552947802e-01
-1.038919993846174394e+00
1.421840681809942442e-01
7.836760099955434322e-01
4.788756137470385754e-01
4.505973891708638934e-01
5.912136880591207788e-01
7.537689041527033673e-01
-6.997908242179214089e-02
6.080211086056224179e-01
-3.707826152411711762e-01
9.423824823959927599e-01
3.289378907629046389e-01
1.424141010875367153e-01
3.288153853982902497e-01
4.450517049651673412e-02
1.304460038292637236e+00
8.882761571111660315e-01
3.639635810364569846e-01
1.376411361358135022e+00
2.174689960711646275e-01
2.920422541206076361e-01
-2.173951225167775059e-01
4.964502170560863292e-01
8.721730198890773056e-02
1.366578184114176642e+00
2.470422022692274899e-01
6.376786235804295933e-01
