
Figur of merit = fidelity_chi
Problem = non convex
Number of qubits = 2
Entanglement = n
Number of layers = 10
Minimization method = L-BFGS-B
Random seed = 30

BEST RESULT


THETA = 
[[[ 0.44610953  0.36816759  0.8553887 ]
  [ 0.70613438 -0.56539186  0.16130903]
  [ 0.69973175  1.41339699  0.071603  ]
  [-0.19903479  0.12776853  1.75284811]
  [ 1.00688215  0.74980294  0.57680575]
  [ 0.44619594 -0.18450973  0.90722049]
  [ 0.36074518  0.52083719 -0.13083282]
  [ 0.11324716  0.74300984 -0.37704355]
  [ 0.47742424  1.05426279  0.77817502]
  [ 0.80486947  0.56903284  0.4036561 ]]

 [[-1.54486621 -0.01551912  0.43879961]
  [-0.38193788  0.33559616  0.12570348]
  [ 0.39890016  0.76373126  0.90976585]
  [-1.68075662 -0.71990633  0.29620548]
  [-0.19793942  1.70796212  0.13629735]
  [ 0.6025458   0.11408755  1.63164128]
  [-0.66990372 -0.29307546  0.44447387]
  [-0.93294222  1.59315603  0.08191432]
  [ 1.27378935 -0.36315497  1.1224683 ]
  [-0.7547686   0.50115874  0.01979442]]]
ALPHA = 
[[[-1.11571247  0.38285764]
  [-0.57036972  0.17910802]
  [ 0.0420442   1.87825508]
  [ 2.17526758  0.00403557]
  [ 0.58662047 -0.06917308]
  [-1.89521677  1.68631339]
  [ 2.53580655  1.81505881]
  [-1.34126483 -0.52503067]
  [-0.08918443  0.44806134]
  [ 0.35091075  0.29000102]]

 [[ 1.35130528  1.04010651]
  [ 2.60647199  0.48731881]
  [ 1.45477916  0.68801835]
  [ 2.07279634  1.64913574]
  [ 0.18182843 -0.35648687]
  [ 1.61126099 -1.07395004]
  [ 1.95087822 -0.23124455]
  [ 0.38239492  0.50625182]
  [-1.72399574  2.01482954]
  [ 2.13127639  0.40878084]]]
chi**2 = -0.8594134990199578
acc_train = 0.955
acc_test = 0.92675