4.461095280612332736e-01
3.681675911933355305e-01
8.553886981981184690e-01
7.061343763373982840e-01
-5.653918581458516890e-01
1.613090303674994397e-01
6.997317459409354568e-01
1.413396993412876279e+00
7.160299970104283540e-02
-1.990347942471714371e-01
1.277685319574480838e-01
1.752848111571815082e+00
1.006882153238532140e+00
7.498029355069349977e-01
5.768057479183714698e-01
4.461959448341603074e-01
-1.845097264857967767e-01
9.072204873445167683e-01
3.607451808100536339e-01
5.208371893618274351e-01
-1.308328231181713208e-01
1.132471578171902610e-01
7.430098362723221994e-01
-3.770435476056805957e-01
4.774242398476808980e-01
1.054262785440141847e+00
7.781750189811988960e-01
8.048694736848498454e-01
5.690328351426989784e-01
4.036561041997524524e-01
-1.544866211132233991e+00
-1.551911698937769903e-02
4.387996148194977519e-01
-3.819378818039441681e-01
3.355961643705276942e-01
1.257034842023733168e-01
3.989001579435640932e-01
7.637312609579192113e-01
9.097658506822062785e-01
-1.680756623670655259e+00
-7.199063286768929704e-01
2.962054764560504982e-01
-1.979394197155857071e-01
1.707962115467238862e+00
1.362973512281209221e-01
6.025458006042895276e-01
1.140875467979311081e-01
1.631641275781374745e+00
-6.699037157639604612e-01
-2.930754634169761008e-01
4.444738656959166256e-01
-9.329422233965689593e-01
1.593156028745753350e+00
8.191432459907130315e-02
1.273789348141717737e+00
-3.631549665410211958e-01
1.122468302370430493e+00
-7.547686030129600043e-01
5.011587429739901012e-01
1.979442247998994264e-02
