1.008652026990233486e+00
1.614830149326798858e-01
8.554137769918599421e-01
-2.316290160368836004e-01
9.860989759177121727e-02
-4.535715605200288381e-02
2.041656021214046657e+00
1.298404923713097681e+00
7.356136191212511166e-01
-8.161592458905751746e-02
1.031851146372858574e-01
1.637874086587353561e+00
7.055483817518107825e-01
4.534027790447874295e-01
5.522122938084853550e-01
1.942439888374751567e+00
1.173923464533398020e+00
6.108279521580917137e-01
-7.941599442218749694e-02
5.825865225431056116e-01
3.289383668455072018e-01
4.964560605608422383e-01
3.300334639326618635e-01
-3.152908604488365851e-01
9.868178973551986477e-01
1.565035490232253412e+00
3.651803632589499804e-01
1.166082111932466303e-01
-1.221614345538389185e-01
9.144416837516612384e-01
3.065245817499495651e-01
7.666589004660575579e-01
-2.524116875929466874e-01
1.159126421579085964e+00
7.513849060482565012e-02
9.078897949144378865e-01
