-2.858335031250142100e-01
1.006744842930128225e+00
8.554241124585542089e-01
-6.060421910511709642e-01
4.766511723256650068e-02
7.999358707891406350e-01
9.276149360446558356e-01
1.760615123601063425e+00
6.847295583403453234e-01
1.687886845165486871e-01
8.556941779386922908e-02
2.100112310702221929e+00
2.225557025138919176e+00
1.766614505100557453e-01
5.345959143225506027e-01
-1.735616335236047414e+00
2.752441430070221573e-01
3.340723329978527723e-01
1.599885507751126923e+00
1.081620501473023577e+00
3.289302303710422981e-01
-3.803722250115953302e-02
1.144433516893003988e+00
1.837140686219295715e-01
1.306193831633688962e+00
9.681542589403160370e-01
1.179571442704476780e+00
2.011269456062716898e+00
6.815426739089931463e-01
3.175762488352650847e-01
-6.695328373344917594e-01
8.037632771779714691e-01
5.512956351595337257e-01
-1.715644650189773524e+00
2.824339450653051697e-02
9.449924497123919354e-01
