
Figur of merit = weighted_fidelity_chi
Problem = non convex
Number of qubits = 4
Entanglement = y
Number of layers = 5
Minimization method = L-BFGS-B
Random seed = 30

BEST RESULT


THETA = 
[[[-0.49861984  0.77374746  0.8554114 ]
  [ 0.01722995  0.73117812  0.56690776]
  [-1.11712379  0.53563484  1.36818391]
  [-1.28053372  0.41645487  0.87510393]
  [ 0.24552496  0.33752186  0.86548371]]

 [[ 0.24560353  0.11861715  0.4949469 ]
  [-1.2552858   0.74942883  0.1723114 ]
  [ 0.06928843  0.45860875 -0.14844645]
  [ 0.49041806  0.40253244  0.4937558 ]
  [ 1.66164902  0.56905753 -0.24806278]]

 [[ 0.46713036 -0.38722213  0.43880416]
  [ 1.11227039 -0.36427731 -0.24599021]
  [-0.58430376 -0.22847717  0.20987406]
  [ 1.26906594  0.29144211 -0.69601823]
  [ 1.86729287  0.31584977  1.14763688]]

 [[-0.14920385  0.18511234  0.23954763]
  [ 0.91882198 -0.05274063  0.5154906 ]
  [ 0.87474477  1.23521525  0.32226564]
  [ 1.41135703 -0.63876014  0.76452328]
  [ 0.77179969  0.50117641 -0.25580099]]]
ALPHA = 
[[[ 0.57484475 -0.90365141]
  [-0.94183119 -0.76985943]
  [-0.06355979  2.22978644]
  [ 1.4819256   0.58863036]
  [-0.22790974  0.65115153]]

 [[ 1.57734163  0.73004469]
  [ 1.0648497   1.30633385]
  [ 0.47347639  0.92614902]
  [ 1.12984678 -0.6179918 ]
  [ 1.70308479  0.29002426]]

 [[ 0.5011516  -0.67525193]
  [ 1.4117847   0.71514981]
  [-1.20128214  0.28402517]
  [-0.61452179 -1.34467828]
  [ 0.37338492  0.56019227]]

 [[ 1.95644152  1.0489763 ]
  [ 1.55368411  1.47685838]
  [ 0.6173994  -1.6238364 ]
  [-0.07464887  0.40923192]
  [ 1.65674148  0.40878303]]]
WEIGHTS = 
[[-0.82193333 -2.70557531  0.969248    3.5459212 ]
 [-0.77830977 -2.72481058  0.98481334  3.53231685]]
chi**2 = 0.022882130736587628
acc_train = 0.99
acc_test = 0.9675