
Figur of merit = weighted_fidelity_chi
Problem = non convex
Number of qubits = 4
Entanglement = y
Number of layers = 6
Minimization method = L-BFGS-B
Random seed = 30

BEST RESULT


THETA = 
[[[ 0.50206009 -0.39560623  0.85541088]
  [ 0.83888538  0.25056615 -0.6024456 ]
  [ 0.45793568  0.52582111  0.88757127]
  [-0.69134527  0.55568474  0.86529015]
  [ 0.49981367  0.35013804  1.00471403]
  [ 0.7118058   0.27524184  0.50756204]]

 [[ 0.77649298  0.11093704  0.3289373 ]
  [ 0.61915589  0.53497991 -0.78693889]
  [ 0.11727106  0.04830386  0.57012763]
  [ 0.33686648  0.41531471 -0.60228946]
  [-0.23038121  0.74234824  0.28506155]
  [ 0.94469782  0.02819117  0.88357744]]

 [[ 0.90836658  0.38585956  0.60234362]
  [ 0.66751955 -0.27213783 -0.08168124]
  [ 0.8046179   0.41409797  0.58405516]
  [ 0.10589071  0.6639379   0.33779353]
  [-0.52124776  0.7688486   0.9943157 ]
  [ 1.38936361  0.67205265  1.14385487]]

 [[ 1.48379626  0.3453068   0.20136151]
  [ 1.39898073  0.80206018  0.72826781]
  [-0.01681858  0.63853545  0.6837899 ]
  [-0.68121385 -0.03518556  1.07712105]
  [ 1.23030849  0.34181376 -0.15365193]
  [ 1.19542499  0.02084923  0.77380486]]]
ALPHA = 
[[[-0.38160838  0.60994015]
  [-0.34486528  0.03593657]
  [ 1.64331748 -0.48679215]
  [ 1.80623071  0.07713578]
  [ 1.04032454  0.32664828]
  [-0.50374826  0.18001551]]

 [[ 1.72689343  0.17237373]
  [ 0.93241831 -0.2966278 ]
  [-0.8578456  -0.56949245]
  [ 1.83755775  1.63927591]
  [ 0.53603875  1.53372894]
  [-0.87394916  0.04008593]]

 [[ 0.5681776   1.48558832]
  [ 0.96808341 -0.25245261]
  [-0.83704418  1.06312075]
  [ 2.1923468   0.68237722]
  [ 0.32726169  1.42685975]
  [-0.85388177  0.9609616 ]]

 [[ 0.38741718 -0.32997692]
  [-1.11114499  0.83686584]
  [ 0.47028064 -0.21598952]
  [ 0.4253982   0.34450879]
  [-0.51904548 -0.6068521 ]
  [ 0.169106    0.90866542]]]
WEIGHTS = 
[[-1.02271578 -1.27797901  3.47574899 -0.2369469 ]
 [-1.02015662 -1.24127175  3.53729779 -0.2077162 ]]
chi**2 = 0.024579373945471366
acc_train = 0.995
acc_test = 0.973