5.020600883444136242e-01
-3.956062262814015185e-01
8.554108845694072816e-01
8.388853833818725736e-01
2.505661475965575979e-01
-6.024455977494490577e-01
4.579356818033112342e-01
5.258211087220161506e-01
8.875712739365393400e-01
-6.913452666801720436e-01
5.556847395182303861e-01
8.652901468352718339e-01
4.998136662343220515e-01
3.501380434552231469e-01
1.004714030565970528e+00
7.118058037927728066e-01
2.752418417591446231e-01
5.075620393500756000e-01
7.764929795049555494e-01
1.109370433415572815e-01
3.289373048993982640e-01
6.191558850250563628e-01
5.349799056736641578e-01
-7.869388917707099695e-01
1.172710597647494135e-01
4.830385836883556439e-02
5.701276270191703022e-01
3.368664767736500032e-01
4.153147073516407772e-01
-6.022894645382697032e-01
-2.303812055943135206e-01
7.423482373355683173e-01
2.850615538681977590e-01
9.446978168808854992e-01
2.819116982910838121e-02
8.835774434020874368e-01
9.083665844495988351e-01
3.858595566791599429e-01
6.023436227283959221e-01
6.675195496931709549e-01
-2.721378287543457786e-01
-8.168124006107596591e-02
8.046178957141402188e-01
4.140979723982258220e-01
5.840551645720082341e-01
1.058907074705144613e-01
6.639378964814751649e-01
3.377935326480226985e-01
-5.212477601317870857e-01
7.688486047111640076e-01
9.943157040066531449e-01
1.389363609456265136e+00
6.720526477595702985e-01
1.143854869260068075e+00
1.483796257539059305e+00
3.453067967794205551e-01
2.013615103335111012e-01
1.398980730061513800e+00
8.020601752847621446e-01
7.282678114338336783e-01
-1.681858304279100144e-02
6.385354509611279594e-01
6.837899032448571113e-01
-6.812138487632424244e-01
-3.518555927192166394e-02
1.077121045989340553e+00
1.230308489496102942e+00
3.418137644556362709e-01
-1.536519345460802544e-01
1.195424991605497755e+00
2.084922708628960189e-02
7.738048646166558742e-01
