6.733867261011610150e-01
-2.240708707832317903e-01
9.297905571429948557e-02
1.496416993367335468e+00
-5.728298202014274476e-02
1.884756818393921451e-01
1.792675904696947375e+00
6.443518245661817856e-01
1.451974250044899828e-01
-3.720700635469682827e-02
1.231157752013257056e+00
7.314730134906503034e-01
1.925630942790904188e+00
-1.874889002574501862e-01
1.652889713490970136e+00
2.121238525264339980e+00
7.017432493035761221e-01
2.259050564704963571e-01
5.289277261108202843e-01
1.048579010497092456e+00
2.777735283250102882e-01
4.098659247976322792e-03
2.807429706417299276e-01
1.099894396436483124e+00
1.444298140445455347e+00
8.235950068474952035e-01
8.199355972867120590e-01
-4.190068676335976794e-01
2.231505057676316239e-01
9.997112603829972910e-01
1.876053242189680836e-01
1.125955992932612532e-01
-2.000317036596150344e-01
2.212863980007543585e+00
1.068197967654096053e-01
6.083370292175596661e-02
