-2.968678509706629831e-01
-2.558848344133964892e-01
6.216265684976801653e-01
5.888136580943231779e-01
1.415322630594894937e+00
4.083575792993494602e-01
8.373730824385048344e-01
6.610986208824618515e-01
1.100638744024579063e+00
2.630109831011116506e-01
1.391578521807042279e-01
6.523928928952446027e-01
-3.031408406920650944e-01
1.305703252160268280e+00
9.007188153441238188e-02
-3.259837101722353747e-01
7.956935990533846592e-01
-1.296167528885930897e+00
5.813413581881716752e-01
2.114970923083077547e+00
6.257255790534271833e-01
1.664371938968494113e-01
1.133486010100498875e+00
1.966757360095609641e+00
-2.643386638978644232e-01
2.285247627518344760e-01
1.806219932947174422e+00
3.342018278321647329e-01
1.258741022681335142e+00
2.058257603094477417e-01
-6.999562614227646806e-01
5.056331926554403777e-01
7.363621073852445464e-01
-5.187480500649921389e-01
9.697105274803964337e-01
2.232376006439925065e-01
