-7.938675962756664983e-01
3.311868562190579679e-01
3.997170142345448096e-01
8.738939766602562553e-01
5.988554969766884950e-01
1.888870233046402447e+00
5.682067288663893434e-01
1.101898641402215828e+00
1.892543463396015591e-01
6.511505790504427127e-01
-1.276267813649627936e+00
2.066914954037028629e+00
1.590624168591275422e+00
1.653741633799544086e+00
-2.827507659203764012e-01
1.138747621249916797e+00
8.598529690373464263e-01
-5.908083278802701149e-02
-5.156179506529075945e-02
2.900244695138647355e-01
9.662876679310886119e-02
-1.731818620703778067e-01
3.958873385118845123e-01
-5.548776363142943202e-02
8.726658027643949822e-01
-2.297931492391275810e-01
4.455517407300434995e-01
-1.223793916546454530e-01
2.289269229731950850e-01
5.601923276609451774e-01
1.099498307349167092e+00
6.100274164504662089e-01
6.890531065059563032e-01
1.782141181379359285e+00
-1.186570882208557720e-01
-5.747105914714292219e-01
1.753095216939374756e+00
-5.852314497871288212e-01
1.819212083225302479e+00
4.087818377726829544e-01
