
Figur of merit = weighted_fidelity_chi
Problem = non convex
Number of qubits = 4
Entanglement = n
Number of layers = 5
Minimization method = L-BFGS-B
Random seed = 30

BEST RESULT


THETA = 
[[[ 0.24655781  0.58712674  0.85540914]
  [ 0.54975283 -0.180488    0.38028902]
  [ 0.58537418  0.62831468  0.45651531]
  [-0.75686378  0.72689018  0.96778322]
  [ 0.66667394  0.33752187  1.17591904]]

 [[ 0.87085973  0.2768935   0.49494627]
  [ 0.83551406  1.74005422  0.33058615]
  [-0.47142099  0.30666804  0.84217995]
  [ 0.25831974  2.03528175  0.34181657]
  [ 1.24051591  0.56905747  1.38468813]]

 [[ 1.19355128  0.89222449  0.43880462]
  [ 0.14378152  0.17265586  1.03345378]
  [-0.24469097  0.74923104  0.74680803]
  [ 0.70486184  0.2580396   0.28168946]
  [ 0.97409298  0.31584988  1.1142355 ]]

 [[ 0.17288947  0.81631079  0.23954682]
  [ 0.50734077 -0.04024507  1.14668631]
  [ 2.20592431  1.01576549  0.33475999]
  [ 0.7264606   0.10770112  0.54507474]
  [ 0.3785696   0.50117634  0.49066026]]]
ALPHA = 
[[[-0.7938676   0.33118686]
  [ 0.39971701  0.87389398]
  [ 0.5988555   1.88887023]
  [ 0.56820673  1.10189864]
  [ 0.18925435  0.65115058]]

 [[-1.27626781  2.06691495]
  [ 1.59062417  1.65374163]
  [-0.28275077  1.13874762]
  [ 0.85985297 -0.05908083]
  [-0.0515618   0.29002447]]

 [[ 0.09662877 -0.17318186]
  [ 0.39588734 -0.05548776]
  [ 0.8726658  -0.22979315]
  [ 0.44555174 -0.12237939]
  [ 0.22892692  0.56019233]]

 [[ 1.09949831  0.61002742]
  [ 0.68905311  1.78214118]
  [-0.11865709 -0.57471059]
  [ 1.75309522 -0.58523145]
  [ 1.81921208  0.40878184]]]
WEIGHTS = 
[[ 0.72261938  0.51716609 -1.73137606  1.43733641]
 [ 0.74975568  0.51971288 -1.64937682  1.42696006]]
chi**2 = 0.03837819564812821
acc_train = 0.98
acc_test = 0.949