2.465578149810094266e-01
5.871267368963846156e-01
8.554091445350359146e-01
5.497528330649723571e-01
-1.804880012648837628e-01
3.802890171879134695e-01
5.853741830970232707e-01
6.283146777005867989e-01
4.565153109741804660e-01
-7.568637786939794720e-01
7.268901766905353501e-01
9.677832179366847587e-01
6.666739440748777890e-01
3.375218652346251291e-01
1.175919040860632592e+00
8.708597255256246283e-01
2.768934997195115488e-01
4.949462729419722429e-01
8.355140578485826808e-01
1.740054216324784520e+00
3.305861487097069285e-01
-4.714209871469875468e-01
3.066680402932380201e-01
8.421799490281455247e-01
2.583197446393388774e-01
2.035281751609204548e+00
3.418165676816136700e-01
1.240515912404651200e+00
5.690574726996117105e-01
1.384688128602020729e+00
1.193551281809930975e+00
8.922244854550733795e-01
4.388046228414292371e-01
1.437815237036655924e-01
1.726558594515465173e-01
1.033453783965221806e+00
-2.446909681129302294e-01
7.492310357496254625e-01
7.468080307591913325e-01
7.048618435984052022e-01
2.580396029489617216e-01
2.816894606018336966e-01
9.740929756533014405e-01
3.158498762949988881e-01
1.114235504416178246e+00
1.728894703346177675e-01
8.163107868192783778e-01
2.395468174510065051e-01
5.073407700329251035e-01
-4.024506746298546489e-02
1.146686310648634466e+00
2.205924312114307728e+00
1.015765492423830185e+00
3.347599921246077193e-01
7.264605959671415203e-01
1.077011230153497867e-01
5.450747416530534739e-01
3.785695955673094026e-01
5.011763424436543879e-01
4.906602552243932713e-01
