7.323050513288518193e-01
7.350790180109686434e-01
8.554115258920079734e-01
-4.567972993142988547e-01
9.744460392345669630e-01
5.282396269303898384e-01
6.892484814219721478e-01
7.170480329631695460e-01
1.611451183522255581e+00
1.856468088544228068e-01
-1.351094727140306900e-02
1.056515942454531842e+00
1.095612031574612510e+00
-2.097324827931086044e-01
4.355196832549224073e-01
-4.179245608316355387e-01
4.798404796892396518e-01
-5.230714847383598903e-02
1.442842957974028506e+00
1.895797605847021394e+00
5.335356334473714268e-01
-5.423858678945910755e-02
4.773912047648722345e-01
9.979216262988448438e-01
1.775214755851784565e+00
1.162767660106086787e+00
5.125397550155819104e-01
-7.049503125187809305e-01
6.080371970721795138e-01
5.121743291534335274e-01
3.463194851234729366e-01
5.008367123798846965e-01
4.777839312146374695e-01
-5.029650687199936909e-01
-2.687940079079732536e-01
6.420668191136212899e-01
-6.764793688201677091e-02
-5.645822645207787538e-02
3.053577078207908579e-01
1.194893833916345516e+00
-3.681029482157698873e-01
-5.239986964800932290e-01
1.524256723105123168e+00
3.102913034722326602e-01
4.880918286193270950e-01
-7.625907446801549749e-01
5.084572150730769513e-01
2.339879145784454773e-01
