7.182317665145415697e-01
5.383301910620785780e-01
1.692431403639526488e+00
1.415887392773612863e+00
-1.318092090253725479e-01
1.353264514927088547e+00
-1.655382237843396886e-01
-2.686757880999237069e-01
6.488251600178622791e-01
8.931940883189913860e-01
1.284389564657307137e+00
9.513890996395117650e-02
5.721371231143115299e-01
4.203027386803086518e-01
9.106223548663938683e-01
7.630750902812152292e-01
-8.633828178593770941e-01
5.838662969944979908e-01
-6.153153027420087406e-01
7.733994098768167680e-01
4.131726297924179780e-01
1.048736787534995107e+00
1.334257411444627506e+00
1.709799806106635511e+00
1.620182547521606287e+00
1.416617230339899836e+00
-1.638053685814238047e+00
3.479512213659308184e-01
1.261296711427644102e+00
-1.087066183800727170e+00
5.418027461548368118e-01
2.900256445868231170e-01
