6.057723674130301161e-02
-5.762206479375608925e-01
8.554127655248711104e-01
6.216915372407759710e-01
-1.337709875835969009e-01
-7.830607633966728542e-01
1.682955085179623778e+00
1.870196585292208669e+00
5.032353899901815808e-01
-1.073191366609076880e+00
6.176113103084935885e-01
2.209666726708102047e+00
1.030151690408900533e+00
3.375228604248733388e-01
1.066639232988520369e+00
2.665181457307475021e-01
5.669260847812787052e-01
4.949475759454969870e-01
7.718112987247575107e-01
5.157241695799276160e-01
6.206223101464177772e-01
-9.695487153887555332e-01
5.823916616893119041e-02
-3.821529774685165082e-01
1.343052632942082880e+00
1.318363546837341138e+00
9.338606382107070281e-02
1.821424834310497953e+00
5.690582206741862104e-01
6.677689176058703158e-01
