7.924331942217162084e-01
1.328112336404468387e-02
-8.574131002462689888e-02
3.744487114064397049e-01
-6.882376085925097087e-01
-8.683499295042705901e-01
6.492528844311111769e-01
1.544903771490602762e-01
-4.413896875894608995e-01
1.913093736901096409e-01
-4.481580330056333938e-01
2.395468315206491228e-01
2.332732349029183805e+00
9.143659291802841427e-01
8.366554388695387479e-01
-1.143378811267556916e+00
2.383552423686426724e+00
-1.133416109877959599e+00
1.931960937043904591e+00
-6.909674308056505954e-01
-1.067258523212061938e+00
2.422655197410073846e+00
1.347373907851758590e+00
4.958165946562079207e-01
