3.397832443072715258e-01
6.684485373993667157e-01
8.554115544977620722e-01
-2.916010018718228070e-01
3.215339862414143962e-02
4.616113347774844500e-01
-2.143122403490279881e-01
4.934992508155320867e-01
6.691582345232041096e-01
-1.002925625101475537e+00
9.551580496553486732e-01
8.329656642163695279e-01
1.560340873184571597e+00
3.914042738876651883e-01
1.404189067176090822e+00
8.039743172611671929e-01
2.752439257263464834e-01
5.488308107531559843e-01
-5.136124948187623662e-01
1.250525389261552656e+00
3.289351348819165577e-01
-1.276975159851047481e+00
7.019824775726094535e-01
3.526453799398664435e-01
-1.107161864646020871e-01
1.017526124649450026e+00
7.371317443329357122e-01
1.601205693688452447e+00
-2.942747871869511589e-01
3.669322609445026528e-01
3.257751850475374966e-01
1.700899398519932548e+00
-4.245271539348404177e-01
-1.359608226660093511e+00
2.819330477514420813e-02
1.842130029598759045e+00
