
Figur of merit = weighted_fidelity_chi
Problem = sphere
Number of qubits = 2
Entanglement = y
Number of layers = 10
Minimization method = L-BFGS-B
Random seed = 30

BEST RESULT


THETA = 
[[[ 1.07865805 -0.20197708  0.0929817 ]
  [ 0.38596642  0.32928754  0.21057133]
  [ 0.55300237  1.14173469  0.53177245]
  [-0.72786313  0.48706327  1.22885685]
  [ 0.49335952  0.27559026  0.90879359]
  [ 1.219669    1.1333044   0.68898009]
  [ 1.0670608   0.65094327  0.7093347 ]
  [ 0.59633437  0.19839925  0.70225748]
  [ 1.46468585  0.90575806  0.73759434]
  [ 0.27209384  0.50000083  1.08187852]]

 [[ 0.597226    0.69584234  0.07681686]
  [ 0.57017774 -0.55022159  0.64407527]
  [-0.39828346  0.73266294 -0.0354142 ]
  [ 0.22538965  0.30971805  0.81810273]
  [ 0.59304382  0.50937958  0.75315964]
  [ 0.92335102  0.83427546  0.50067446]
  [ 0.90206314  0.77720446  0.78340347]
  [ 0.37436859  0.31315514  0.01146413]
  [ 0.96473765  1.78209867  0.14318937]
  [ 1.34851383  0.64971763  1.60034212]]]
ALPHA = 
[[[-0.56996104  0.33996322  0.42705726]
  [ 1.29876909  0.67665813  0.31896104]
  [-0.16782751  0.27821617  0.77748889]
  [ 0.65086389  2.38180043 -0.11123553]
  [ 1.12333716 -0.22192255 -0.92299979]
  [ 0.74963485  0.08401137  0.89713693]
  [ 0.70878025  0.07198874  1.76562363]
  [-0.16939169  0.59782999  0.21585347]
  [-0.33607403 -0.30940513  0.05909027]
  [ 1.34083378  0.60510663  1.07340461]]

 [[ 0.74280178  1.43171284  0.06716379]
  [ 0.90073193 -0.78927074  0.52891739]
  [ 1.20958869  0.56317964  0.99553426]
  [ 0.90936373 -0.91054429  1.12696113]
  [ 0.29442171  0.97437562  0.3710152 ]
  [-0.21349879 -0.50388959  0.66681433]
  [-0.52064926  1.15203329 -1.2338938 ]
  [-0.3559673   0.05986431  0.24912025]
  [ 1.18431632 -0.25237282  1.42196481]
  [-0.0799025   0.19058715  0.80814973]]]
WEIGHTS = 
[[-1.01877467  2.00007276]
 [-1.00534841  2.06364975]]
chi**2 = 0.04336389858287009
acc_train = 0.986
acc_test = 0.9215