-1.540776422776226839e+00
8.999352230073280889e-01
8.554866242136788257e-01
-1.408086362310338568e+00
-3.056543345210531726e-01
6.930648360436622024e-01
2.792685732131049203e+00
1.433669012821340738e+00
3.313316089512650664e-01
-6.121457633853689684e-01
1.364687261098777027e+00
1.773112569245517633e+00
3.119384288728188070e-01
-6.962196730479719431e-02
1.813802081803307154e+00
1.869195482770192596e-01
2.752586097974190626e-01
8.789049910067413263e-02
8.828207128680523041e-01
-1.015736272859250194e-01
3.288963703751948131e-01
1.086310360337955805e+00
-5.979580468688822092e-01
-9.994312662998462438e-01
-2.390637541583274239e-01
1.645262247417331292e+00
-5.627753793768954793e-01
1.679165646047018789e+00
1.244968089906221820e-01
9.946360499903905694e-01
-7.967186356066033870e-01
-6.892468923876893250e-02
-5.672106020592789302e-03
-1.059926109311536635e+00
2.819571916817219595e-02
7.233176050301214077e-02
