8.279909394621460736e-03
2.800878337530666062e+00
3.304834280867365720e-02
5.562405568039487491e+00
4.356132813548171945e-02
1.117983588525297556e+01
-3.325261162354266331e-02
5.702016385648605912e+00
1.653033760319155832e-02
5.176002037341670636e+00
-1.549214674512213764e-02
2.396014817868183100e-01
-5.164596545049167375e-02
-6.537474786965973006e-02
5.514216367963789445e+00
1.357790789613642635e-01
5.539981627674316123e+00
-1.084994322270061845e-01
7.178473875558325501e-01
-3.124881212887773430e-01
4.989635359621098054e+00
-3.974071989936846516e-01
2.588272287145421569e+00
4.958846331366701388e-01
