1.867492583026419517e+00
-2.275621007878003699e-01
9.298212980934371374e-02
1.427667738897698602e+00
9.093944177391246608e-01
1.849856400908481968e-01
1.253758593067801907e+00
3.807573909764451758e-01
1.111877195319614264e+00
-1.729855782986607360e-01
-2.430554324667582797e-02
4.678795333603584239e-01
-1.244751568242955964e+00
1.319787680884505709e+00
3.974239848832293309e-01
1.071751521609821678e+00
1.200200167031009402e+00
1.733177978962945787e+00
1.012259492665211091e+00
1.001208238618655155e+00
7.762296982422141056e-01
1.277541005503043614e+00
3.797017578786998637e-01
1.052521328474626872e+00
1.255427132382717526e+00
1.075727092484189518e+00
9.188981108990497138e-01
2.281848493824531199e-01
6.141656322727546691e-01
1.251848188301403431e+00
5.214492802829405749e-01
1.151266920370561886e+00
1.909822640372870473e-01
6.818312617227441086e-01
-2.764958084750082090e-01
1.099500531969758610e+00
-2.303868505626343322e-01
8.668681378538067861e-02
2.383083848518995629e-01
1.181690515016643683e+00
5.431224071849232171e-01
1.721292297063831966e-01
2.231439724059907093e-01
6.117724834278767121e-01
9.865653521182494723e-01
7.443070414320248629e-01
2.533397993328243558e-01
6.030688453722573561e-01
