7.483303636595136643e-01
5.158165695706096177e-01
8.554115508227102538e-01
3.192089910347454818e-01
-5.372906702412854479e-02
3.089748191343623107e-01
7.988087233824442412e-01
8.035107340399118003e-01
5.832717659107502506e-01
-1.814201814386229294e+00
7.440485066883646414e-01
1.142980019549994175e+00
9.190361186150965978e-01
3.426972914632633871e-01
1.193075584995307192e+00
1.995786380187804521e-01
2.752434220729860215e-01
5.001205023592396604e-01
1.042515667727189621e+00
1.276141327520568636e+00
3.289376012091959067e-01
-2.476324041642783691e-01
-2.793753456339316890e-02
3.782647735956267687e-01
6.804819757712035067e-01
1.373880925668588437e+00
7.207812406572557812e-03
1.675320190523745367e+00
1.186622937732553007e+00
7.232905967069483966e-01
1.587544702716027434e+00
5.339159325054203542e-01
1.056372031314368076e+00
-9.289276940002417771e-01
2.818902094624867877e-02
6.751450321565735102e-01
