-3.016221358576698743e-04
5.082745973559223973e-01
-5.509939241181230227e-05
8.585485573481427268e-01
4.172072430119033032e-04
-1.107860712676767841e-04
6.527985567753386009e-01
1.380177692763477995e-04
1.935224405362262132e-05
8.800505938581955068e-01
-1.340619070026150661e+00
3.455226430708935870e-01
1.815984078545877844e+00
4.746002903656770799e-01
1.807958438022224890e+00
1.132989488842398806e+00
-3.158625079607477160e-04
1.638571041611768626e-04
-4.514774469436012567e-04
1.242688540269903386e-01
