-4.986198376002894950e-01
7.737474599639816430e-01
8.554114025202803617e-01
1.722995266288145089e-02
7.311781172268677631e-01
5.669077583535708786e-01
-1.117123792594428400e+00
5.356348431968169788e-01
1.368183909613278404e+00
-1.280533718454014647e+00
4.164548704144851454e-01
8.751039338275486967e-01
2.455249598479875839e-01
3.375218628657088438e-01
8.654837073072149112e-01
2.456035320133574673e-01
1.186171480477562490e-01
4.949468957449110751e-01
-1.255285799633233390e+00
7.494288254579111186e-01
1.723113951320539849e-01
6.928843131269762923e-02
4.586087505899552053e-01
-1.484464494950865632e-01
4.904180584016930577e-01
4.025324355550636279e-01
4.937558031212784804e-01
1.661649017154077201e+00
5.690575331237088808e-01
-2.480627825613914983e-01
4.671303602155578161e-01
-3.872221269252648090e-01
4.388041551846176835e-01
1.112270393002515734e+00
-3.642773097125424075e-01
-2.459902148853177761e-01
-5.843037580271408515e-01
-2.284771721609449857e-01
2.098740638260681857e-01
1.269065939084585093e+00
2.914421132630141686e-01
-6.960182310492351032e-01
1.867292871411777577e+00
3.158497661928471589e-01
1.147636876027915198e+00
-1.492038472918316150e-01
1.851123420185659119e-01
2.395476279053107838e-01
9.188219821255413367e-01
-5.274062800049299227e-02
5.154906029734586115e-01
8.747447695605640172e-01
1.235215254523094552e+00
3.222656368340804378e-01
1.411357026145851679e+00
-6.387601437982884933e-01
7.645232826092674960e-01
7.717996906008663949e-01
5.011764136115079982e-01
-2.558009916101101622e-01
