5.748447512349815769e-01
-9.036514083017014309e-01
-9.418311872007307795e-01
-7.698594291528555456e-01
-6.355978756006197550e-02
2.229786441443160960e+00
1.481925595060246792e+00
5.886303610979060075e-01
-2.279097441837149574e-01
6.511515294780221286e-01
1.577341629317829952e+00
7.300446903688052602e-01
1.064849697105286763e+00
1.306333845161332885e+00
4.734763904695646897e-01
9.261490230699251924e-01
1.129846781117429311e+00
-6.179918029272988278e-01
1.703084794526903201e+00
2.900242603531584251e-01
5.011515999090344620e-01
-6.752519270998273981e-01
1.411784698826770157e+00
7.151498102676042690e-01
-1.201282144457992418e+00
2.840251712415201024e-01
-6.145217911137591527e-01
-1.344678275209045148e+00
3.733849160611246165e-01
5.601922669790884157e-01
1.956441519335507584e+00
1.048976296474523284e+00
1.553684112508422421e+00
1.476858379342728345e+00
6.173994038914278892e-01
-1.623836401703164789e+00
-7.464887342818810056e-02
4.092319244893193875e-01
1.656741475032467159e+00
4.087830269854086929e-01
