2.834366118213735297e-01
1.007233152995422154e+00
-3.684808218119751122e-01
4.020625571511265983e-01
2.012844709359289386e+00
-3.402974354906241228e+00
3.067233609148394713e+00
-1.538267054991379501e+00
2.639111245763562597e+00
9.630504067574104932e-01
-1.327298346423243292e+00
2.395850676599399487e-01
9.105622800475805523e-01
3.294559324962663460e+00
8.414108945746865409e-01
2.905833185629607573e+00
-1.620262729335731455e+00
2.684874017338755969e+00
-1.105061797266200241e-01
1.293405015925822354e+00
3.168341743984957493e+00
-1.416600751585462614e+00
4.951952302406654738e-01
4.958314113930449851e-01
