-2.327204191714576098e-01
5.330535496078633306e-01
8.554130482982609252e-01
-3.727476581064311789e-01
1.110692555797837822e-01
3.262277921561071437e-01
1.532168434178468486e+00
2.259992540285628571e-01
7.480770674815523380e-01
-2.407494755670962938e+00
5.255882009615719941e-01
5.654735239823976967e-01
8.548900655501028290e-01
-1.446283840686811706e+00
9.746108689816366244e-01
-2.566363154624184961e+00
2.752396748538918914e-01
-1.288865696302164077e+00
2.232995100642121589e+00
4.103255038139392297e-01
3.289481697312094943e-01
-4.907280280860656374e-01
4.774031824844540695e-01
-4.875575685475923016e-01
