-1.840300796659094171e-02
-2.644914882475387641e-01
4.270579229153509959e-01
-4.839463395498698473e-03
2.612410021762312962e+00
-4.934862718692041295e-01
5.960723845453718556e-02
-8.787892647167399041e-01
-5.322179868105347822e-01
-4.049347878838732706e-02
1.444535888755143382e+00
1.848250339380084428e+00
2.869937814670404097e-01
-1.697736550440889669e+00
1.126507911289968744e+00
-1.633970288805963733e+00
-1.494196238120322484e-01
1.798629251056475420e+00
9.271886452590468730e-01
-6.975837588526742072e-01
1.657624505680770077e-01
1.012500296973370961e+00
1.650183083918488613e-01
2.358051142711657722e+00
1.468337129645791661e+00
4.368427144553516106e-01
-2.887346218791914665e-01
9.608527385052403336e-01
6.051054816922174506e-01
4.151033964304705615e-01
2.871783795004618223e-01
1.134524699028690353e+00
6.716779239677132807e-02
5.880448911242110999e-01
1.534902317135929284e+00
2.275013606067858962e+00
4.088051965302761381e-01
1.970504289445237228e-02
1.743918166319980090e+00
1.955992701161471947e+00
-3.700991404722986933e-01
-2.027494895811100539e-01
7.171179059987928817e-01
9.901886809445773485e-01
1.740466557260756497e+00
2.109050376533028626e+00
8.643059842795468573e-01
2.003747858507180180e+00
2.626911836645031251e+00
-1.903611436321799966e+00
-1.658856775191718536e-01
2.072440588148643376e-02
-2.982531809771101217e-01
5.430133728120194458e-01
1.553472120172395110e+00
-5.039817825876056201e-01
-1.511365990331356546e+00
9.051490852528596420e-01
1.905911432637594494e-01
2.116839381397892961e+00
