6.727444353775728914e-01
1.053600709236640842e+00
8.554111505585902941e-01
1.159522916094531952e+00
-2.253352243117054399e-02
8.467594988997020344e-01
7.460892594173713921e-02
8.161162345430897913e-01
6.144720311499768384e-01
-2.478657861984499278e-01
4.078549748849485401e-01
1.155584853747695817e+00
1.556740365541867399e-01
-7.393681250579024755e-02
8.568823577183671825e-01
-8.309624722390736296e-02
9.153713645203079841e-01
8.348853289478906647e-02
7.670514736499207675e-01
1.128476734918910207e+00
9.690671797267899068e-01
8.081384317627711145e-01
2.090832283186948859e-01
2.306009939266444875e-01
9.058616836208509548e-01
7.170252127048879487e-01
2.442312656778562463e-01
1.183445841364023643e+00
5.690565991745359931e-01
6.643130095777372013e-02
2.871592619578814953e-01
7.175209149563289701e-01
4.388045938421758496e-01
4.555783177073349233e-01
-2.477218103532754789e-01
8.587512954182897618e-01
8.795875932510366368e-01
1.428332236144782830e-01
3.264305178056748358e-01
1.334498794632266172e+00
3.857374995489347147e-01
-3.247069226569348488e-01
2.668380963533507622e-01
9.289063323985620180e-01
1.241932220225310468e+00
4.037461672151607117e-02
1.048573579248365473e+00
8.526016371312219455e-01
2.754556045209130000e-01
2.746190246262818491e-01
1.378951873526928829e+00
9.080238759510016466e-01
8.154639524987264965e-01
6.496258835261986553e-01
7.340606711546654450e-01
3.977795730659098861e-01
3.447730432029403325e-01
5.896395377174905583e-01
5.011752858881385331e-01
7.807381210712192043e-01
