
Figur of merit = weighted_fidelity_chi
Problem = crown
Number of qubits = 2
Entanglement = n
Number of layers = 10
Minimization method = L-BFGS-B
Random seed = 30

BEST RESULT


THETA = 
[[[ 0.67274444  1.05360071  0.85541115]
  [ 1.15952292 -0.02253352  0.8467595 ]
  [ 0.07460893  0.81611623  0.61447203]
  [-0.24786579  0.40785497  1.15558485]
  [ 0.15567404 -0.07393681  0.85688236]
  [-0.08309625  0.91537136  0.08348853]
  [ 0.76705147  1.12847673  0.96906718]
  [ 0.80813843  0.20908323  0.23060099]
  [ 0.90586168  0.71702521  0.24423127]
  [ 1.18344584  0.5690566   0.0664313 ]]

 [[ 0.28715926  0.71752091  0.43880459]
  [ 0.45557832 -0.24772181  0.8587513 ]
  [ 0.87958759  0.14283322  0.32643052]
  [ 1.33449879  0.3857375  -0.32470692]
  [ 0.2668381   0.92890633  1.24193222]
  [ 0.04037462  1.04857358  0.85260164]
  [ 0.2754556   0.27461902  1.37895187]
  [ 0.90802388  0.81546395  0.64962588]
  [ 0.73406067  0.39777957  0.34477304]
  [ 0.58963954  0.50117529  0.78073812]]]
ALPHA = 
[[[-1.94978502  0.53475966]
  [-0.12433535  0.36979402]
  [ 0.68270589  0.64451535]
  [-0.01985691  0.76874551]
  [-1.16574436  1.49336024]
  [-1.33110019  1.40652198]
  [-0.03695306  0.61233234]
  [ 0.9008905  -0.09543695]
  [ 1.67968696  0.22560712]
  [ 1.05462848  0.29002426]]

 [[ 0.72694474  0.75404928]
  [ 0.43274683  0.39751722]
  [ 0.31843645  0.02660819]
  [ 0.54270632 -0.57059901]
  [-0.11339458  0.10420311]
  [ 0.18369031 -0.02310569]
  [ 1.29403872  0.10312489]
  [ 0.48116439 -0.5208169 ]
  [-0.37605022 -0.07855035]
  [ 0.49899032  0.40878221]]]
WEIGHTS = 
[[ 1.67895882 -0.63611555]
 [ 1.66393793 -0.69970591]]
chi**2 = 0.046318461059581
acc_train = 0.965
acc_test = 0.951