-3.278431968324291290e-02
5.178693644678959984e+00
2.172567572818580317e-02
5.015471978707847001e+00
1.062063689805025635e-01
1.490401855463071801e+00
1.266723928856105519e-01
1.146557585770995535e+00
-3.307321793207612104e-01
6.724516444379703001e-03
1.056483850493922017e+00
-7.798654606495399044e-02
-5.216398921917170250e-01
-1.500051729756017305e-01
5.483222294795733198e-01
7.630826229662605042e-01
-4.973119526274087376e-01
-5.318699731024643107e-01
6.732522221957765174e-01
2.748390594958188271e-01
1.289931217996030499e+00
-3.510760098998167988e-01
1.592970678881326707e+00
4.530173713630238352e-01
1.599203703115924302e+00
-2.848831625805622880e-01
2.533909432966503505e+00
7.099146807959391681e-02
2.183506211470652492e+00
6.048923130739221332e-02
2.669893454804669997e+00
2.900360332510689143e-01
