3.738495888492689989e-01
1.636156585338260361e-01
8.554264632704468019e-01
8.166094167210690147e-01
-2.797874497805963867e-01
-4.322173988024639868e-02
1.817023462043593884e+00
1.254717873500989844e+00
3.572491477141338523e-01
-3.559209644582504439e-01
5.994962781476119718e-01
1.594188110800737856e+00
-7.590172333002728200e-01
-4.975028504171225552e-01
1.048559640737329879e+00
2.771036159090141671e-01
6.196308586740266744e-01
-3.400623561267326345e-01
1.820962811851984275e+00
-7.077812994772880728e-02
6.733075240532334638e-01
3.315727776901377655e-01
4.774155767323841060e-01
-9.686490270638486999e-01
-4.378748550388237848e-01
1.802670909012301648e+00
5.125464443504803569e-01
1.118749599852044474e+00
8.966214382038562025e-01
1.152061429428177464e+00
6.114714013573012696e-01
-8.176666521876551491e-03
7.663679147189251806e-01
-5.653549381740656798e-01
-8.754490900970914868e-01
1.330466093884460355e-01
4.484317112025633101e-01
2.078638093259397024e-01
-3.012662019332112973e-01
-1.077467457429443831e+00
-4.666513131575734663e-01
-2.596632171126170840e-01
5.965073660623407825e-01
-9.733483458110535613e-01
3.895159085691253242e-01
-3.651107449996016108e-02
5.084647637786819940e-01
-1.049635340725654453e+00
