1.062216021076267669e+00
-2.386446104528927303e-01
9.298011264605260395e-02
1.127206271304751484e+00
4.785424183439519058e-02
1.739039776247437996e-01
8.116950465997145869e-01
1.577676701310036567e+00
2.503384769888243322e-01
3.474501730210576705e-02
5.501189353353789224e-01
1.664797543570690541e+00
9.733725230353991176e-01
4.363043401175999980e-01
9.718491196076245453e-01
1.317430275307155840e+00
7.018923048448058033e-01
8.496949470795431836e-01
5.283788997680268773e-01
2.858078473002240716e-01
2.779217798411814377e-01
7.981165499088481718e-01
3.797024839585168565e-01
3.371215533328660308e-01
1.459762906832471341e+00
4.257118663024052618e-01
9.188971606528030245e-01
1.686378694752201091e-01
2.947052147505963351e-02
6.018309784342993352e-01
5.264968073909297441e-01
9.596678122454669335e-01
-3.937138114214865925e-01
6.623021830661375287e-01
3.276717106193949292e-01
9.079024358212995915e-01
9.542909363280298596e-01
4.137542307786865603e-01
8.424784241600926649e-01
1.151316633840942627e+00
2.668736654333186270e-02
4.991944343795272632e-01
5.176252903205837974e-01
5.325092156232651419e-01
4.701295967019052391e-01
1.211337164674618938e+00
2.533404553573500029e-01
5.238048882220327496e-01
-4.516082628879240085e-02
8.428268316361937629e-01
2.024680361767143832e-01
-4.835958286399670292e-01
1.046083626090796859e+00
7.708434440334131776e-02
-1.204357306105029689e-02
1.323678906162247371e+00
8.761186224324862826e-01
-6.589045621649652906e-01
1.324116897701175910e+00
1.141923175489948150e+00
4.154132407635958285e-02
-3.255196972717542409e-02
1.101455978684681813e+00
1.015604650206078707e+00
9.426881448506452266e-01
-5.524658862781296753e-02
4.165201553938622236e-01
7.667725974552402901e-02
1.044864302101563558e+00
1.508296452054580294e+00
9.697134525742557853e-01
7.188581202579968910e-02
9.085862395596343566e-01
1.590197801017878831e-01
1.139865867876199701e-01
-9.368795627404416515e-02
2.347165413697671899e-01
2.034096279299039689e-01
-2.147515615006619638e-01
1.074760600147963846e-01
1.005081046240295040e+00
2.105049317859916669e-01
6.000489589435992199e-01
3.938565458013207343e-01
8.277232666651136439e-01
1.622367005723558686e-01
2.852145072154589345e-01
1.849592212131748070e+00
1.165347073824067187e-01
-7.391778567678713996e-02
2.226494954215028355e-01
-1.364021209979381366e-01
-4.214085170279951997e-01
8.834959724887084809e-01
6.029398367250944357e-01
1.853311644895722365e-01
