
Figur of merit = weighted_fidelity_chi
Problem = sphere
Number of qubits = 4
Entanglement = y
Number of layers = 8
Minimization method = L-BFGS-B
Random seed = 30

BEST RESULT


THETA = 
[[[ 1.06221602 -0.23864461  0.09298011]
  [ 1.12720627  0.04785424  0.17390398]
  [ 0.81169505  1.5776767   0.25033848]
  [ 0.03474502  0.55011894  1.66479754]
  [ 0.97337252  0.43630434  0.97184912]
  [ 1.31743028  0.7018923   0.84969495]
  [ 0.5283789   0.28580785  0.27792178]
  [ 0.79811655  0.37970248  0.33712155]]

 [[ 1.45976291  0.42571187  0.91889716]
  [ 0.16863787  0.02947052  0.60183098]
  [ 0.52649681  0.95966781 -0.39371381]
  [ 0.66230218  0.32767171  0.90790244]
  [ 0.95429094  0.41375423  0.84247842]
  [ 1.15131663  0.02668737  0.49919443]
  [ 0.51762529  0.53250922  0.4701296 ]
  [ 1.21133716  0.25334046  0.52380489]]

 [[-0.04516083  0.84282683  0.20246804]
  [-0.48359583  1.04608363  0.07708434]
  [-0.01204357  1.32367891  0.87611862]
  [-0.65890456  1.3241169   1.14192318]
  [ 0.04154132 -0.03255197  1.10145598]
  [ 1.01560465  0.94268814 -0.05524659]
  [ 0.41652016  0.07667726  1.0448643 ]
  [ 1.50829645  0.96971345  0.07188581]]

 [[ 0.90858624  0.15901978  0.11398659]
  [-0.09368796  0.23471654  0.20340963]
  [-0.21475156  0.10747606  1.00508105]
  [ 0.21050493  0.60004896  0.39385655]
  [ 0.82772327  0.1622367   0.28521451]
  [ 1.84959221  0.11653471 -0.07391779]
  [ 0.2226495  -0.13640212 -0.42140852]
  [ 0.88349597  0.60293984  0.18533116]]]
ALPHA = 
[[[-0.32764399  0.29893904  0.97775816]
  [ 0.71404402  0.34140575  0.06436505]
  [ 0.38105405  0.28928927  0.28125627]
  [ 0.27966956  0.92921336  0.99229853]
  [ 1.23795024  0.29330645  0.71815215]
  [-0.34777017  0.80385923  0.66045358]
  [ 0.58529169  0.22200051  0.24598225]
  [ 1.10723596  0.19058665  0.66821737]]

 [[ 0.32506979  0.89565845  0.7421156 ]
  [ 0.29154712  0.81901667  0.02038198]
  [-0.2279004   1.09209333  0.29286749]
  [ 0.99168731  0.8524945   0.58775952]
  [ 0.29135659  0.90632204 -0.28410352]
  [-0.04492955  0.89001522 -0.29584548]
  [ 0.34599366  0.56549669 -0.49381529]
  [ 0.35938701  0.92597134  0.63549884]]

 [[ 0.5193451   0.52610852  0.59085804]
  [ 0.94057984  0.55875756  0.92222903]
  [-0.21465643  0.08296441  0.44301239]
  [-0.4146425   0.61875428  0.25366405]
  [ 0.95637295  1.03686389  0.31202833]
  [ 0.06885934  0.01826928  0.47855182]
  [ 0.25917264  0.42367093  0.86989718]
  [ 0.58958187  0.48491201  0.28433512]]

 [[ 0.10201436  0.58271401  0.34163532]
  [ 1.16464999  0.04074524  1.04419213]
  [-0.14277159  0.41311014  1.03334943]
  [ 0.77759608  0.45859405  0.65403258]
  [ 0.62870192  0.6814176   1.20830813]
  [ 0.27964674  0.27168635  1.63861381]
  [ 0.22699238  0.32554886  0.65392227]
  [ 1.27389536  0.83740842  0.39803306]]]
WEIGHTS = 
[[ 2.37545679  0.17119113 -2.11355404  1.07235181]
 [ 2.11703998 -0.10255911 -2.42050391  0.88564859]]
chi**2 = 0.040908082959542014
acc_train = 0.986
acc_test = 0.931