-7.429593232663410374e-02
7.345730200845541624e-01
9.585847200541477431e-01
6.082282795138380660e-01
5.928826749193137902e-01
7.491653777662121705e-01
5.437051909507298886e-01
7.606608786668770383e-01
1.440903370535552952e+00
6.189479642233173262e-01
-2.390836063773185971e-01
3.678867474657362413e-01
3.572378894503585589e-01
3.784826695135131702e-01
5.161948472088518924e-01
9.771628350241708116e-02
8.951569763639971589e-01
8.857329904608381987e-01
-3.944942719392678931e-01
3.089045267971988196e-01
7.723127681698734037e-02
3.329452519154440515e-01
1.146480363623496812e+00
5.557883313282488968e-01
1.831077184790575352e+00
2.379987429102511376e-01
9.691219005050824009e-01
1.274412455892745655e+00
4.415218870079168356e-01
-1.128971977677443728e-01
1.129236069508770202e+00
2.784624635546640858e-01
5.385897700139006261e-01
7.792398421752173565e-01
-2.269547181522884038e-01
8.732402027323586946e-01
7.547766228045178494e-01
-1.921585459278671651e-02
1.098863122960131555e+00
8.898323367703041553e-01
6.396729094144507632e-01
7.915499210226057958e-01
2.119132885691929202e-01
2.305988069068734825e-01
1.133135729826143079e+00
6.981823809840154160e-01
4.178810672388263425e-01
-5.689080080669495221e-02
5.636673466972066393e-01
4.938645128562332842e-01
-6.521377279678904904e-01
1.333809724749015269e+00
7.868363481955322758e-01
2.885218209291027791e-01
-1.954377102226341131e-02
4.847013416899441096e-01
4.998752035233133273e-01
1.072126014088953472e+00
7.243236004733955014e-01
4.318274911801568972e-01
1.797497737655447514e+00
1.065893298584210891e+00
9.438982761445187109e-01
5.483957027362904579e-01
1.022516125055356273e+00
-9.040457855486233596e-02
6.542075478721843806e-01
-5.468778372990208414e-01
-2.571510712974686003e-02
6.438120079995330869e-01
-1.370584061859762559e-01
9.280573168319725119e-02
1.219445276214794482e+00
8.227128644361915155e-01
6.855292503129885029e-01
8.998729473623156006e-01
5.054648894672088000e-01
6.106387762897462768e-01
6.632719697417115423e-01
1.593581272953154826e-01
