2.533919972895870565e+00
-7.353996793954319600e+00
2.463269848433434842e-02
-2.485391893366098781e+00
-3.979102946938166407e-02
1.192788746629270591e+00
2.298504431901165351e-02
3.771077635784074733e+00
-5.182398838453664697e-02
8.799739002003703625e-01
-6.672174517329446108e-02
2.144908208118553525e-02
2.073938898164608968e-01
7.404149800043887453e+00
5.047820544784027419e+00
3.559962981455667475e+00
-3.061585347212259986e-02
-3.616561604934878549e+00
5.079850872130705852e+00
1.236378781553763850e-01
