-1.069044378986946792e-01
1.801814013435654172e+00
2.232029267446058896e+00
5.031402865516098472e-02
-1.634042235375249952e+00
4.094291616990680116e-01
-7.379004755625263590e-01
3.157865086555459833e+00
2.608833193355962754e-01
8.800731424451103679e-01
7.392322003023014121e-01
1.602044507504799542e-01
1.406956766504933620e+00
2.605831660175756542e-02
2.080204422062887470e+00
4.384836420615479541e-02
-6.751882541763750689e-01
-8.391494385435256664e-02
-1.803450924570567881e+00
1.242173203369097007e-01
