-1.661836615120829475e+00
4.898178804062552349e-01
8.554655423925658919e-01
8.441643922342524364e-01
3.757036075437386047e-01
2.829701789377110366e-01
1.120114272429636237e+00
6.502124326715754687e-01
1.012772109742799520e+00
-1.983460454049421340e-01
5.232002516361868860e-01
9.897121678577591730e-01
6.817928025486688082e-01
3.375139741503251911e-01
9.721419090958220988e-01
-4.208531511125709890e-02
-6.740763947188019856e-01
4.949983076989217246e-01
6.727149744300338075e-01
1.171449251974835404e+00
-6.202783267074906126e-01
-3.365348120921173858e-01
7.725674077584316901e-01
2.733955313038270996e-01
1.628663950975213881e+00
1.245650903409804000e+00
8.077098176646472227e-01
9.742154194655181509e-01
5.690551532170737836e-01
5.950353796767331449e-01
