5.646607178036991970e-01
1.043924901595327581e+00
8.554102901060153252e-01
5.184383556833590534e-01
-2.375867104995462997e-01
8.370844510097252833e-01
1.034316429045990526e-01
3.949146878292816853e-01
3.994188741021916234e-01
-6.538318255444244276e-01
7.547081685328435041e-01
7.343837982853049784e-01
1.377554196228430561e+00
3.857701514095944195e-01
1.203737052280690500e+00
4.499253112889467499e-01
2.702289601701746702e-01
4.949469052870986707e-01
9.401667174457037923e-01
1.274948734686181195e+00
3.239241526359007417e-01
1.139142957592705008e+00
6.442904210674545995e-01
3.770721505551739017e-01
-4.868386024596484951e-01
6.979160393559222797e-01
6.794385516526242341e-01
4.824489192603944043e-01
4.295216796141051452e-01
4.732232682213598912e-02
4.781068264948069024e-01
6.786081182976329007e-01
4.388042638190136069e-01
-1.248916012993413760e-01
1.263616168446568266e-01
8.198373026896507154e-01
5.718768176115084367e-01
3.889283764085580963e-01
7.005137775803420563e-01
6.783380394507179112e-01
-1.733189241227715283e-01
-7.861244134932476868e-02
5.888547207504246650e-01
1.701161599606249020e-01
6.828762313004573814e-01
2.633515701338475234e-01
1.079384015654125256e-01
2.395459765646406058e-01
6.825242664340726018e-01
7.067873237404453945e-01
4.383152629107446852e-01
1.219049641305929521e+00
6.944185070304070839e-01
1.081793824951658989e+00
1.299363643453623318e+00
-4.190926347411973452e-01
2.237266108746786275e-01
9.511493932314721844e-01
5.079306798097708020e-01
-3.613293471899399478e-02
