
Figur of merit = weighted_fidelity_chi
Problem = wavy lines
Number of qubits = 4
Entanglement = y
Number of layers = 5
Minimization method = L-BFGS-B
Random seed = 30

BEST RESULT


THETA = 
[[[ 0.56466072  1.0439249   0.85541029]
  [ 0.51843836 -0.23758671  0.83708445]
  [ 0.10343164  0.39491469  0.39941887]
  [-0.65383183  0.75470817  0.7343838 ]
  [ 1.3775542   0.38577015  1.20373705]]

 [[ 0.44992531  0.27022896  0.49494691]
  [ 0.94016672  1.27494873  0.32392415]
  [ 1.13914296  0.64429042  0.37707215]
  [-0.4868386   0.69791604  0.67943855]
  [ 0.48244892  0.42952168  0.04732233]]

 [[ 0.47810683  0.67860812  0.43880426]
  [-0.1248916   0.12636162  0.8198373 ]
  [ 0.57187682  0.38892838  0.70051378]
  [ 0.67833804 -0.17331892 -0.07861244]
  [ 0.58885472  0.17011616  0.68287623]]

 [[ 0.26335157  0.1079384   0.23954598]
  [ 0.68252427  0.70678732  0.43831526]
  [ 1.21904964  0.69441851  1.08179382]
  [ 1.29936364 -0.41909263  0.22372661]
  [ 0.95114939  0.50793068 -0.03613293]]]
ALPHA = 
[[[-0.60997883  0.57454624]
  [ 1.05021715  0.95670407]
  [ 0.06415485  0.96754222]
  [ 0.17653246  0.27042064]
  [-0.32859444  1.31263169]]

 [[-1.01979925  1.28005855]
  [ 0.21207025  0.54842006]
  [-0.35373693  0.57074875]
  [ 0.49848485  0.09542199]
  [ 0.33338655  0.14072708]]

 [[ 0.09202224  0.38897285]
  [-0.61340812  0.16208532]
  [-0.24244922 -0.31047773]
  [-1.39985785 -0.91424075]
  [ 0.23415832  0.3843924 ]]

 [[ 2.21549537  1.47451845]
  [ 2.051963    0.74055348]
  [-1.2895266   0.32422925]
  [-0.31813814  0.58706085]
  [ 1.81477837  1.09398299]]]
WEIGHTS = 
[[-1.76589484 -0.21262899  1.76283971  1.1823028 ]
 [-0.9057161   0.81805041  0.2240358   1.08247997]
 [-0.09202953 -0.25003281  1.5434114   0.10534093]
 [ 0.1431946  -1.50631213  1.5109463   1.25160806]]
chi**2 = 0.018505530478178978
acc_train = 0.965
acc_test = 0.93325