-1.240796560211760546e+00
-1.297849131897496511e+00
-1.054872310073839525e+00
1.361368005066308173e+00
-1.399411356070027868e+00
1.750242881357696664e-02
1.603060456136145007e+00
2.929683122171227727e-01
-3.763312957216919941e-01
-2.732008901019655212e-01
5.095695562009071589e-01
2.395469239040442511e-01
9.877981711762334749e-01
-3.035451614235455398e-01
-7.916756943601800378e-01
-5.898135280595211416e-01
5.405777467856607288e-01
4.992915951611092695e-01
8.918493814683957632e-01
5.635604440689298555e-02
-1.119665808011653801e-01
-2.052792400946569507e-01
-9.868401001230263370e-02
4.958205672763211780e-01
