6.037802979695731098e-01
5.542515330673262186e-01
4.270565795387591401e-01
1.233444081825624483e+00
8.965808386109119787e-01
-4.540242169959969321e-01
5.786083300387632189e-01
3.176183573200019317e-01
-1.150682441088495045e+00
-1.399103613134470847e-01
1.661585575194548747e+00
-1.124222165067133794e+00
1.284606665877790821e+00
2.566387736530638120e-01
-4.872609375411346422e-01
-3.817574232552217728e-01
-3.059377040121063485e-01
3.010306253779333474e-01
-1.332470951091055400e-01
-6.082572875364228304e-02
1.061606522251379969e+00
5.790057170097324679e-01
6.187083638456005730e-01
5.435466141904323756e-01
-3.311869246870699501e-01
9.219384930783799392e-01
1.697115317761424269e-01
-2.167647431351141518e-01
6.051066825539775929e-01
-4.249435303898144722e-01
2.024625985583788368e-01
-1.110708479799593223e-01
6.716472679023073600e-02
4.052576058964795780e-01
1.114208065833072192e-01
2.338612562578531312e-02
9.057935035721669248e-01
-2.369584492721845126e-01
1.761632111314222551e-02
5.995995149594888218e-01
3.126370360293819761e-01
6.533083280438464757e-02
3.803405642255445196e-01
4.884709136489116532e-01
-7.881887955657922162e-02
7.773868812217401558e-01
6.499874203193530819e-01
9.011264557531782904e-01
1.048272978989726267e+00
2.516912802988341413e-01
5.570738395109066099e-01
1.086492407915014224e+00
-1.862706921633921209e-01
-6.057136926500059082e-02
1.216432192837916482e+00
1.320883797688759097e-02
-6.216494787812555378e-01
1.705098406943274247e-01
1.905876572569018268e-01
7.215204044315687293e-01
