-1.552329722113759969e+00
-2.281380563985822008e-01
9.287853362107845179e-02
1.532630537868956200e+00
1.426584534011975824e+00
1.845173160239377552e-01
3.154717437758395970e+00
4.274259848579239213e-02
1.628969848666789622e+00
5.287543531849805967e-03
3.167164607313860958e-01
1.298717038602169860e-01
3.177192321482427001e-02
1.398171894086834843e+00
7.383978229835935769e-01
1.519802646555757697e+00
2.099184639803235719e-01
1.811663865054073286e+00
1.578562703950345592e+00
-2.298516041997900397e-02
-2.139996015117294759e-01
-6.622252606946214815e-02
3.796351700786848027e-01
2.827843454388143107e-02
