-9.721466399789930879e-01
9.115765017982931928e-01
8.554094839135065742e-01
2.396277314486557675e+00
2.086423693918035560e-01
7.047372158353794047e-01
1.070523809118107961e+00
8.480538593910030842e-01
7.480714309719527222e-01
9.721731857378389519e-01
9.144941670844254356e-01
1.187522942155353256e+00
-7.288670201340935462e-01
-6.934312747638182728e-01
9.746113141602044116e-01
4.161446135083857883e-02
-6.941647393243655095e-01
-5.360072440487372303e-01
7.392450042040946689e-01
1.150724894219889771e+00
3.289367003155929114e-01
8.685111583366803001e-02
-1.451322988365284061e+00
2.528484173160995829e-01
