1.190606300288659519e-01
2.544689652339320388e-02
5.483818957151390672e-01
-8.440883630539689486e-01
2.643191661591376418e-01
1.414718292002357547e+00
-4.517314452841817568e-02
1.128542562138566130e-01
-8.758654862941910035e-02
-9.003498400166152216e-01
4.125687738786811276e-01
-9.599638762980144957e-01
-3.215099378925351803e-01
-2.330642247206562712e-01
4.960851597399708601e-01
7.630734232592157884e-01
-1.304629702797817981e+00
-3.443778949450086446e-01
-2.728122632110235313e-01
-8.476135932925344951e-01
3.698516812979001367e-01
1.035984566006642460e+00
1.135011557482127564e+00
8.785299432803758135e-01
1.085332812338961617e+00
-3.496516058653716952e-01
-1.687274758920511708e+00
-2.041918701374163092e+00
-1.041931321617026313e-01
-8.389855604994658211e-01
1.855193068476412188e+00
2.900257447917484188e-01
