-1.146796720430304367e-01
1.122714120777535823e-01
8.554119337133009315e-01
-6.379517465275856558e-02
-3.404423302903615833e-01
-9.456736186571042257e-02
1.087127729903434314e+00
1.608359795641350232e+00
2.965644542271416162e-01
-1.437866983570551316e+00
5.255827565989225070e-01
1.947830312723137780e+00
-8.922424806924523777e-01
2.557128739131844797e-01
9.746100488163733644e-01
8.181292616023126685e-02
9.875409323880184054e-02
4.131406896857406363e-01
7.017982873443943947e-02
1.101470383859571855e+00
1.524495440333903939e-01
-1.073623168677851458e+00
4.773900817302534350e-01
2.035924072243467109e-01
2.089810099667643584e-01
5.953948189749664888e-01
5.125365221581411612e-01
1.717917690629499949e+00
1.445639463780626910e+00
-5.519732348739743444e-02
-2.181826253516634839e+00
1.501777473489980474e+00
1.315389803187204887e+00
-3.740057793668765118e-01
2.819136826197738213e-02
1.643007859878588439e+00
-3.265140576801525696e-01
1.715332433579779936e+00
6.023442204370161868e-01
2.823469557953496967e+00
1.774125875414797493e+00
1.247791142883046822e+00
1.392647613385977756e+00
-6.463002302282604417e-01
2.630320884420214611e+00
1.121565283047391670e+00
5.084577775258718457e-01
-7.226042806595004420e-01
