
Figur of merit = weighted_fidelity_chi
Problem = squares
Number of qubits = 4
Entanglement = n
Number of layers = 8
Minimization method = L-BFGS-B
Random seed = 30

BEST RESULT


THETA = 
[[[ 2.03974477e-01  4.38285677e-01  8.55410964e-01]
  [ 3.49297669e-01  1.26572256e-02  2.31445977e-01]
  [ 1.22553086e+00  1.55861710e-01  6.49662832e-01]
  [ 9.20429394e-02  5.61792293e-01  4.95331147e-01]
  [ 3.40433240e-01  3.62322207e-01  1.01082160e+00]
  [ 8.43976717e-02  2.90559916e-01  5.19746405e-01]
  [ 7.06513776e-01  8.33905438e-01  3.44255082e-01]
  [ 5.66527198e-01  4.26967641e-01 -6.39715965e-02]]

 [[ 7.54160017e-01  1.44534665e+00  5.12539031e-01]
  [ 9.78885184e-01  7.96503644e-01  7.94752426e-01]
  [ 4.92870554e-01  7.43137038e-01  6.66250572e-01]
  [-6.51793466e-02 -2.30580664e-02  8.84366492e-01]
  [-1.26496147e-01  7.05846579e-02  5.51093892e-01]
  [ 8.36849588e-01 -2.32039476e-01 -3.96955537e-01]
  [ 5.29056243e-01  2.55741770e-01  6.24155407e-01]
  [ 4.66540050e-01  2.84920789e-01  1.79438315e-01]]

 [[ 6.52434316e-01  3.04147265e-01  8.38834248e-01]
  [ 8.15734869e-01  6.21928593e-01  6.79153641e-01]
  [ 1.08345816e+00  1.74084809e-01  1.51237416e-01]
  [ 1.06526986e+00  8.45852425e-01  5.57043634e-01]
  [-1.18475217e-01  6.64325973e-01  7.27582399e-01]
  [ 7.15477301e-01  1.16834290e-01  1.10291215e+00]
  [ 7.84481364e-01  1.73603733e-01 -1.63208762e-03]
  [ 1.49483791e+00 -2.87189762e-01  6.05595307e-01]]

 [[ 5.65721723e-01  9.68230768e-01  4.97048860e-02]
  [-3.57271835e-01  9.24328794e-01  2.08113083e-01]
  [ 2.80005833e-01  3.06028499e-01  8.55627894e-01]
  [ 9.03655728e-02  4.07218862e-01  1.96018609e-01]
  [ 2.04929588e-01 -4.01620162e-04  6.96279834e-02]
  [-5.67888337e-01  3.93210272e-01  4.36212399e-01]
  [ 2.73257642e-01  4.57115161e-01  9.17401918e-01]
  [ 7.20297075e-01  2.89328261e-01  1.75271323e-01]]]
ALPHA = 
[[[ 0.26001414  0.5369394 ]
  [ 0.98571985  0.7465513 ]
  [-0.10816297  0.88625886]
  [ 0.59938967  0.27067714]
  [-0.29692556  0.13195382]
  [-0.15911871  0.76269021]
  [-0.43904484 -0.04425313]
  [-0.12525659  0.41049139]]

 [[ 0.32371205 -0.22042107]
  [ 0.61428851  0.7608827 ]
  [ 1.13064769  0.19994722]
  [ 1.26051673  1.02389572]
  [ 1.0054052   0.84720647]
  [ 1.27288021  0.39027178]
  [ 0.16583126  0.62298214]
  [-0.69984706  0.25735773]]

 [[ 0.95621293  0.51208435]
  [ 1.15355146  0.85725733]
  [ 0.66367316  0.83304216]
  [ 0.00973154  0.41678385]
  [ 0.52006124  0.31456069]
  [ 0.20175483 -0.21876556]
  [ 0.87573134  0.3100289 ]
  [ 0.71018194  0.5112082 ]]

 [[ 0.38350534  0.75446447]
  [ 0.65182586  0.61431086]
  [-0.05718262 -0.01002884]
  [-0.14295916  0.12075033]
  [-0.30361044  0.90601956]
  [-0.00739849  0.8018714 ]
  [ 1.15734854  0.37128377]
  [ 0.11876872  1.00011618]]]
WEIGHTS = 
[[-0.15225291  0.6976198   0.68268883  0.01689452]
 [-0.11003867  0.46336073  0.99160059 -0.11569297]
 [ 0.89004385  0.15341561  0.15302221  0.16717546]
 [-0.20756854  0.58287823 -0.12714087  0.90782669]]
chi**2 = 0.02171869661217418
acc_train = 0.98
acc_test = 0.95325