2.039744774563653495e-01
4.382856770575986882e-01
8.554109644554194203e-01
3.492976694736119603e-01
1.265722557842325138e-02
2.314459772790785352e-01
1.225530861386160186e+00
1.558617099160908293e-01
6.496628317232074901e-01
9.204293944813565775e-02
5.617922927331665539e-01
4.953311471135148913e-01
3.404332400130035685e-01
3.623222074251208902e-01
1.010821597507813863e+00
8.439767174453305376e-02
2.905599155740755113e-01
5.197464050740825403e-01
7.065137764437650070e-01
8.339054383544513005e-01
3.442550824950585397e-01
5.665271975046516362e-01
4.269676413194564146e-01
-6.397159650821709898e-02
7.541600173096987270e-01
1.445346651137373373e+00
5.125390305059472906e-01
9.788851839490538831e-01
7.965036435210626209e-01
7.947524263057980098e-01
4.928705542882672042e-01
7.431370384271278606e-01
6.662505716543006828e-01
-6.517934656731902421e-02
-2.305806642947280660e-02
8.843664915202408272e-01
-1.264961468005714740e-01
7.058465789190931927e-02
5.510938922761211556e-01
8.368495884106528226e-01
-2.320394764344218819e-01
-3.969555373192344971e-01
5.290562434811365566e-01
2.557417702633074663e-01
6.241554066817909252e-01
4.665400495649034140e-01
2.849207894609238068e-01
1.794383154458219221e-01
6.524343164972626896e-01
3.041472652005990929e-01
8.388342476657781877e-01
8.157348688678669468e-01
6.219285927531839064e-01
6.791536410142596791e-01
1.083458159434671719e+00
1.740848085654173871e-01
1.512374157000355435e-01
1.065269857193185565e+00
8.458524247361774995e-01
5.570436341271840508e-01
-1.184752167624896491e-01
6.643259733582272952e-01
7.275823988501840534e-01
7.154773009201682576e-01
1.168342895054055031e-01
1.102912146144493954e+00
7.844813642004465626e-01
1.736037326975687911e-01
-1.632087624997674222e-03
1.494837906645518633e+00
-2.871897624219196254e-01
6.055953074120408175e-01
5.657217225270180228e-01
9.682307682197304199e-01
4.970488601287769564e-02
-3.572718349792295967e-01
9.243287943596303347e-01
2.081130828255385035e-01
2.800058327861717489e-01
3.060284987946357838e-01
8.556278938775082610e-01
9.036557281526652607e-02
4.072188623047378053e-01
1.960186088958310591e-01
2.049295875497486319e-01
-4.016201616872206804e-04
6.962798344505741199e-02
-5.678883371489578114e-01
3.932102718265291785e-01
4.362123989983873740e-01
2.732576420172699305e-01
4.571151607446822807e-01
9.174019184214223799e-01
7.202970750406978429e-01
2.893282605874886171e-01
1.752713234675690457e-01
