2.600141381848786182e-01
5.369393978898421294e-01
9.857198481649906974e-01
7.465512974615239328e-01
-1.081629690897271262e-01
8.862588578319774424e-01
5.993896740589472749e-01
2.706771356474638179e-01
-2.969255594238405238e-01
1.319538241836545334e-01
-1.591187088716884690e-01
7.626902053185857788e-01
-4.390448360602335898e-01
-4.425312715557731813e-02
-1.252565886144591523e-01
4.104913874884812408e-01
3.237120501557255170e-01
-2.204210710627001746e-01
6.142885134440801975e-01
7.608826965133491660e-01
1.130647686457469270e+00
1.999472232166045471e-01
1.260516732324016731e+00
1.023895717040613107e+00
1.005405200015131451e+00
8.472064726548031999e-01
1.272880209877564006e+00
3.902717839921063248e-01
1.658312607834901420e-01
6.229821412651650459e-01
-6.998470646329553180e-01
2.573577289236290144e-01
9.562129347615564434e-01
5.120843471677967162e-01
1.153551460208155355e+00
8.572573284722471154e-01
6.636731598751970385e-01
8.330421561770380290e-01
9.731537451316539869e-03
4.167838540903757716e-01
5.200612424511489307e-01
3.145606949581841172e-01
2.017548333298919694e-01
-2.187655580012191348e-01
8.757313385200571343e-01
3.100289049413680331e-01
7.101819365785979610e-01
5.112082001695728017e-01
3.835053352006005944e-01
7.544644704949099445e-01
6.518258552772611125e-01
6.143108555208862676e-01
-5.718262303356855952e-02
-1.002883652392888049e-02
-1.429591630225366672e-01
1.207503295380210062e-01
-3.036104402805747671e-01
9.060195582826937599e-01
-7.398485672785104321e-03
8.018713954071589045e-01
1.157348543691659071e+00
3.712837690161264192e-01
1.187687231555063366e-01
1.000116182104940243e+00
