1.361549050220808299e+00
-1.852380026789925416e-01
9.298489476372708007e-02
9.188718858596550687e-01
-1.350961185799578190e-01
2.273099532422740987e-01
1.147554051004852971e+00
-6.660422581262130659e-02
6.739005721435357976e-02
4.643920816401392315e-01
1.393884116962730957e+00
2.051474560034996855e-02
6.360603116307509408e-01
3.307676126402346317e-01
1.815616737644119461e+00
1.170243359754561396e+00
1.866655610419837019e-01
7.441610078320315402e-01
-3.611605957819076229e-01
1.392458523438005580e+00
-2.373049288206395269e-01
-8.806430765169491748e-01
1.049902947165130274e-01
1.443767716534291923e+00
5.197620356460601609e-01
1.370066327487793778e+00
6.441819986765847661e-01
2.196188619902700090e+00
5.000049787927810518e-01
1.546189735295282475e+00
