9.588140655409640445e-01
1.388457006708202268e+00
8.554118224338039811e-01
-1.084315494033780691e-01
-7.969904896979460585e-01
1.181616326960076568e+00
8.076250496962283920e-01
9.579035383097040945e-01
7.480776600335344861e-01
-8.857427272404849727e-01
7.831171219579158294e-02
1.297371185067181187e+00
2.149944969553751140e+00
-1.575029636152991408e+00
9.746131699324661612e-01
7.112498250601635430e-01
2.609273564353379538e+00
-1.417609013226184711e+00
3.418254148945288340e-01
1.635143657985027310e-01
3.289381108200661319e-01
-4.320673459958812024e-01
3.292748905574662821e-01
-7.343615001769626671e-01
