
Figur of merit = weighted_fidelity_chi
Problem = squares
Number of qubits = 4
Entanglement = y
Number of layers = 6
Minimization method = L-BFGS-B
Random seed = 30

BEST RESULT


THETA = 
[[[ 0.73488635  0.66995437  0.85541058]
  [ 0.60856691  0.09710339  0.46311414]
  [ 1.34749055  0.80175816  0.73410905]
  [-0.32879963  0.40460721  1.14122682]
  [ 0.93196066  0.50718436  0.85363589]
  [ 0.85277228  0.76033455  0.66460818]]

 [[ 0.62000487  0.96922372  0.32893727]
  [ 0.05421285  0.55787618  0.07134703]
  [ 1.57027024  1.50678564  0.59302506]
  [ 0.53307958  0.86361161  0.85619221]
  [ 0.44562509  0.30942119  0.73335841]
  [ 0.731599   -0.28170266  0.45065048]]

 [[ 0.97763222  0.86328824  0.60234302]
  [ 0.60086556 -0.46397948  0.39574731]
  [ 0.19879317  0.12788027  0.39221588]
  [-0.302374    0.89697066  0.05157629]
  [ 0.62973348 -0.07800631  1.2273473 ]
  [ 1.36592479  0.12173392  0.297     ]]

 [[ 0.49212901 -0.28671052  0.20136143]
  [ 0.07500768  0.54559392  0.09624814]
  [ 0.64108844  0.82498779  0.4273243 ]
  [ 1.0659145   0.07207351  1.26357331]
  [ 0.29417707  0.38067627 -0.04639285]
  [ 0.73772183  0.17987364  0.81266825]]]
ALPHA = 
[[[ 1.0459521   1.03762844]
  [ 0.95851736 -0.06378441]
  [ 0.63409813  0.85886624]
  [ 1.53889756 -0.04368169]
  [ 1.47962355 -0.11796974]
  [ 0.09665939  0.13207241]]

 [[-0.5353312   1.13859174]
  [-1.39790868 -0.0974335 ]
  [ 0.80782715  1.14780208]
  [ 0.95383783 -0.7434004 ]
  [ 0.76887189  0.06466797]
  [-0.36758655  0.46744299]]

 [[ 0.62636789  1.84148913]
  [ 1.02058828  1.46659175]
  [ 0.50476842  0.07898358]
  [ 0.97709274  0.88705446]
  [ 1.07285128 -0.24691367]
  [-0.39973352  0.39651619]]

 [[ 0.01423884  0.86141651]
  [ 0.43044537  0.95706   ]
  [ 0.29607207 -0.10301396]
  [ 0.21974616  0.66662193]
  [-0.21362161 -0.04134779]
  [ 0.56026263  1.40898938]]]
WEIGHTS = 
[[-0.1898362  -1.05857808  1.92550543  0.62099794]
 [ 0.1216346   1.41134827  0.11626047 -0.54300388]
 [-0.49686358 -0.36132717  0.97791855  1.40800998]
 [ 0.67759966  0.06005939 -0.70775181  1.08143869]]
chi**2 = 0.014967892561578617
acc_train = 0.98
acc_test = 0.9425