7.348863521896854545e-01
6.699543664519969077e-01
8.554105761547611264e-01
6.085669134657902823e-01
9.710338972452625672e-02
4.631141438351858430e-01
1.347490548020065404e+00
8.017581580229236060e-01
7.341090463147422751e-01
-3.287996333662085435e-01
4.046072074933791951e-01
1.141226821645059175e+00
9.319606616644875441e-01
5.071843630326227093e-01
8.536358898770889381e-01
8.527722849921597348e-01
7.603345456208059350e-01
6.646081839576628569e-01
6.200048687332876396e-01
9.692237196447459624e-01
3.289372659570264923e-01
5.421285108491578214e-02
5.578761778637650881e-01
7.134702634589747128e-02
1.570270243779126718e+00
1.506785636148352259e+00
5.930250605244361539e-01
5.330795823734125749e-01
8.636116088178910077e-01
8.561922135432493697e-01
4.456250895923387079e-01
3.094211897896707031e-01
7.333584117927158808e-01
7.315990043614395422e-01
-2.817026584824473545e-01
4.506504844179482494e-01
9.776322177490973653e-01
8.632882360726011894e-01
6.023430201896136094e-01
6.008655561670454004e-01
-4.639794787385099761e-01
3.957473064969873611e-01
1.987931684158865675e-01
1.278802726705066950e-01
3.922158758693002345e-01
-3.023740004409996018e-01
8.969706630316729434e-01
5.157629135720194491e-02
6.297334789274746658e-01
-7.800631461336092476e-02
1.227347302115835648e+00
1.365924789927999372e+00
1.217339211041318647e-01
2.970000014443680003e-01
4.921290108576597544e-01
-2.867105216077966978e-01
2.013614273692231060e-01
7.500767533599285442e-02
5.455939200178536730e-01
9.624813790432348859e-02
6.410884411252281145e-01
8.249877881438311134e-01
4.273243000883513165e-01
1.065914495452886968e+00
7.207351151798292721e-02
1.263573307460749806e+00
2.941770742651193538e-01
3.806762683743215026e-01
-4.639285110257791722e-02
7.377218275228024646e-01
1.798736374361135371e-01
8.126682500876450943e-01
