7.773409474624719540e-01
8.367437628872187450e-01
8.554077393449631694e-01
3.589646600554239897e-01
1.830409898275659752e-01
6.299013462718445755e-01
9.984494746741569005e-01
4.363961693517928175e-01
8.200451577760603517e-01
-4.319065600702439167e-01
4.483042570240524105e-01
7.758665491573095707e-01
2.277323079161155117e-01
1.898388225127219664e-01
8.973356187810516138e-01
3.432291281585918563e-01
5.353357945346554070e-02
3.472620221162240894e-01
8.196296719979827561e-01
7.185158801653172000e-01
1.072296628620174469e-01
5.722401111284291381e-02
4.773914914704126544e-01
-1.793597949725236895e-01
1.343417918682849432e+00
1.624375395379270559e+00
5.125385312854894293e-01
3.472234944329852246e-01
-6.330568438834190959e-01
9.737811747021566378e-01
1.210191825082914008e+00
6.115111564874726735e-01
-7.633099692246572143e-01
-3.472129883558478514e-01
-1.286949401906572598e-03
7.527407888422764648e-01
7.944063774925832488e-01
-8.976529435660315914e-02
5.728633788840937768e-01
5.090242021630692060e-01
1.628483243229488509e-01
-5.573038157021876771e-01
1.273543184911544390e+00
1.356188705849673104e+00
1.019045202902866931e+00
3.538071792657519476e-01
5.084581135706226496e-01
1.279885358722288036e+00
