-5.556205880344289999e-02
-4.494284866743092910e-01
7.541315824841385851e-01
-1.813856284311735900e-01
8.006292063836909501e-01
2.138205702394127550e-01
9.700675547208407190e-01
-4.462983638452228119e-02
6.445916165146274857e-01
4.632946642917427083e-01
7.158529217162339364e-01
1.917600061238744491e-01
4.319182084072060168e-01
5.227963733532619423e-02
6.032083443750378970e-01
7.630731145177848118e-01
1.437675499891425623e+00
1.485547360114647386e+00
6.812467536445715455e-01
-1.307558059037724763e-01
2.375043242610425098e-01
6.662474127795488255e-02
-7.387761387298076299e-01
2.155627078652076367e+00
-1.450038182366504946e+00
1.107944758597498636e+00
-9.546968437734032475e-01
1.015258205373565259e+00
1.812139219353967323e-01
1.041298571143406626e+00
1.374247570351194492e+00
2.900245156998669249e-01
