2.435057552020564731e-01
7.302160034423389456e-01
8.554108858891155132e-01
2.966477800691917910e-01
1.615679418670931955e-01
5.233764033484615830e-01
1.666417759483606709e+00
3.335839347598550941e-01
7.985723219959401931e-01
4.763847607209528157e-01
4.958924587848846377e-01
6.730537056651197947e-01
-1.377844245828481196e-01
3.231430928714379980e-01
9.746125367932106931e-01
7.253205398180032626e-01
1.206064284630230105e-01
4.805685328711771787e-01
2.609832068329948074e-01
1.332709842932972011e+00
1.743023329174605007e-01
6.754273793431854189e-01
-1.044924816440782278e+00
4.348328821535004662e-01
1.105558702099455282e+00
1.053693899619443819e+00
5.125383998282512232e-01
1.348560590614860555e+00
6.256028875003947221e-01
4.030994427627794252e-01
5.562811738288281349e-01
1.064480501797476109e+00
4.953505159411142333e-01
-1.750345392928426003e-01
9.167101577695730974e-01
1.205710351960931348e+00
-2.066682147847215822e-01
3.903960170208883307e-01
6.023421006831316538e-01
1.424185637160384044e+00
-1.742265996575453890e-01
-7.714433043160912051e-02
1.382388122394427654e+00
8.585820351156880914e-02
6.819676725901201442e-01
8.043111953107808798e-01
1.026790861847439507e+00
9.554809742367992645e-03
