
Figur of merit = weighted_fidelity_chi
Problem = squares
Number of qubits = 4
Entanglement = n
Number of layers = 4
Minimization method = L-BFGS-B
Random seed = 30

BEST RESULT


THETA = 
[[[ 0.24350576  0.730216    0.85541089]
  [ 0.29664778  0.16156794  0.5233764 ]
  [ 1.66641776  0.33358393  0.79857232]
  [ 0.47638476  0.49589246  0.67305371]]

 [[-0.13778442  0.32314309  0.97461254]
  [ 0.72532054  0.12060643  0.48056853]
  [ 0.26098321  1.33270984  0.17430233]
  [ 0.67542738 -1.04492482  0.43483288]]

 [[ 1.1055587   1.0536939   0.5125384 ]
  [ 1.34856059  0.62560289  0.40309944]
  [ 0.55628117  1.0644805   0.49535052]
  [-0.17503454  0.91671016  1.20571035]]

 [[-0.20666821  0.39039602  0.6023421 ]
  [ 1.42418564 -0.1742266  -0.07714433]
  [ 1.38238812  0.0858582   0.68196767]
  [ 0.8043112   1.02679086  0.00955481]]]
ALPHA = 
[[[ 0.69670565  0.49894557]
  [ 0.72836005  2.33654655]
  [ 1.41843327  0.09613502]
  [-0.55305957 -0.33541408]]

 [[-1.65624574  0.09522818]
  [ 1.95588451  0.15000005]
  [ 1.09535289  1.60005178]
  [-0.60812105  0.77309326]]

 [[ 1.06273047  2.37264761]
  [ 1.46264439  1.39924082]
  [ 0.38519592  1.2224998 ]
  [ 0.06581626  1.68787017]]

 [[ 0.91622562  1.9096174 ]
  [ 0.06647863 -0.91236933]
  [ 1.2685432  -0.18956479]
  [ 1.00188491 -0.70721447]]]
WEIGHTS = 
[[ 0.99700955  0.53202493 -0.79713044  0.59603504]
 [ 0.12790289  0.03373006  0.26999332  0.89466381]
 [ 0.70789484  0.17748335  0.27491048  0.16858673]
 [ 0.37804315  0.89050323  0.1543686  -0.20577564]]
chi**2 = 0.02123335346821055
acc_train = 0.985
acc_test = 0.9515