1.359471173646827236e+00
-1.980044094803108667e-01
9.302222600392319463e-02
8.283597959366790775e-01
-8.390351478498457582e-02
2.145255508701874314e-01
1.408789332079473766e+00
-1.444557648187426262e-02
1.185810159170250649e-01
-5.924687825017876941e-01
3.168450870724402457e-01
7.274127469501366627e-02
1.581951254820042507e+00
-1.958190653755620680e-01
7.385706501370573607e-01
2.966628751018499446e-02
2.278688611356702309e-01
2.175639942633947332e-01
3.164828532667743222e+00
-3.640617176949152017e-02
-1.960974337789421484e-01
-1.556368339596141626e+00
3.797508546215624392e-01
1.487732467481416888e-02
