
Figur of merit = weighted_fidelity_chi
Problem = non convex
Number of qubits = 4
Entanglement = y
Number of layers = 8
Minimization method = L-BFGS-B
Random seed = 30

BEST RESULT


THETA = 
[[[ 0.64123    -0.08039521  0.85541035]
  [-0.37042497 -0.16697653 -0.28723675]
  [ 1.85767468  0.14633635  0.47002803]
  [-0.24563194  0.72324944  0.485805  ]
  [ 0.20929721  0.5017339   1.17227771]
  [ 0.02267283  0.6551585   0.65915826]
  [ 1.70880209  0.69987733  0.70885415]
  [ 0.31736991  0.47739141 -0.19799968]]

 [[ 1.03837858  0.62779335  0.51253767]
  [ 0.88960108  0.53061986 -0.02280048]
  [ 0.67279144  0.62340462  0.40036675]
  [ 0.15244447 -0.23051898  0.76463298]
  [-0.62561502  0.66246113  0.34363323]
  [ 1.25854046  0.16719591  0.19492072]
  [-0.26323738  0.22990656  1.02338996]
  [ 0.19968058  0.50845697  0.15360231]]

 [[-0.28173788 -0.27741352  0.83883386]
  [ 1.67267882  0.61300701  0.09759321]
  [ 1.02295941  0.11664535  0.14231647]
  [ 0.46717404  0.85295925  0.49960492]
  [ 0.06113735  0.50583958  0.73468943]
  [ 0.56808454  0.26497902  0.94442574]
  [ 0.99811981  0.54039293  0.14651253]
  [ 1.16619831  0.02084882  0.97238397]]

 [[ 0.58132985  0.46657049  0.04970435]
  [ 0.06505221  0.37914746 -0.29354741]
  [ 0.97448761  0.11385354  0.31044592]
  [ 0.20827819  0.49389929  0.0038441 ]
  [-0.81328802  0.54975161  0.15630847]
  [-0.18613577  1.01265864  0.98636705]
  [-0.05698743  0.41207045  1.53685031]
  [ 0.06218032  0.08391861  0.13022729]]]
ALPHA = 
[[[ 0.05179081  0.45176035]
  [ 0.30581341  0.22996341]
  [-0.49596339  0.01746085]
  [ 1.40423207  0.60700699]
  [ 0.69836039  0.28406973]
  [ 0.98112435  0.91014176]
  [ 0.36465957 -0.33300582]
  [ 0.29207957  0.47984511]]

 [[ 0.61570421 -0.21685285]
  [ 0.78179742  0.16572021]
  [-0.41081204 -0.44420153]
  [ 0.39806592  0.59074766]
  [ 0.66439785  0.4668648 ]
  [ 0.65936943  0.46908018]
  [ 0.26904283  0.6401121 ]
  [-0.0963739   0.54498055]]

 [[ 0.52371928  1.10855059]
  [ 0.63229836  0.90859978]
  [ 1.78499387  1.55870913]
  [ 0.5557946   0.10073776]
  [ 0.34490102  1.03850302]
  [ 0.0403498   0.1948036 ]
  [ 0.57742161  1.31577881]
  [ 1.05829951  0.58218361]]

 [[ 1.0478236   0.10497704]
  [ 2.13620472  1.22430063]
  [ 1.04590382 -0.25243935]
  [-0.63563669 -0.06886581]
  [-0.14354624  0.81632219]
  [ 0.7829816   0.80725034]
  [ 0.29770628  0.05146343]
  [ 1.63520378  0.88983282]]]
WEIGHTS = 
[[ 1.03250927 -0.90078699  2.59849334 -1.64568782]
 [ 0.99664907 -0.90918821  2.53226901 -1.71267999]]
chi**2 = 0.02165735144516702
acc_train = 0.985
acc_test = 0.96975