6.412300014289481487e-01
-8.039520746635388238e-02
8.554103503892132032e-01
-3.704249701174823772e-01
-1.669765260131964857e-01
-2.872367483022826296e-01
1.857674678432905235e+00
1.463363476523765194e-01
4.700280291001818211e-01
-2.456319415357689218e-01
7.232494443608807888e-01
4.858049993347946516e-01
2.092972116228644652e-01
5.017339043061652681e-01
1.172277714756526645e+00
2.267283442959868237e-02
6.551584977052126169e-01
6.591582649013358886e-01
1.708802091694373138e+00
6.998773307206419547e-01
7.088541474322005431e-01
3.173699061674614130e-01
4.773914081526370312e-01
-1.979996845309663633e-01
1.038378577826943649e+00
6.277933459123216098e-01
5.125376711719544787e-01
8.896010840463263181e-01
5.306198606053782463e-01
-2.280047735811849968e-02
6.727914356046149624e-01
6.234046190037634272e-01
4.003667478115038869e-01
1.524444746200638301e-01
-2.305189765790944534e-01
7.646329786407608520e-01
-6.256150195232270672e-01
6.624611333439218708e-01
3.436332318632823180e-01
1.258540464202743347e+00
1.671959098946582400e-01
1.949207221656145128e-01
-2.632373821455358809e-01
2.299065592356398235e-01
1.023389959095688306e+00
1.996805844786567197e-01
5.084569728001091526e-01
1.536023112137936131e-01
-2.817378802631430590e-01
-2.774135243050709354e-01
8.388338616668027381e-01
1.672678820560522972e+00
6.130070073926938701e-01
9.759321055060388161e-02
1.022959405358334628e+00
1.166453491894524214e-01
1.423164734244125873e-01
4.671740392223223126e-01
8.529592511211209205e-01
4.996049245386665616e-01
6.113734501567536644e-02
5.058395818742850159e-01
7.346894346822466781e-01
5.680845434116674753e-01
2.649790173230954782e-01
9.444257353504288410e-01
9.981198119585545925e-01
5.403929328071939153e-01
1.465125339551621442e-01
1.166198307687611679e+00
2.084882151422501328e-02
9.723839658824026122e-01
5.813298517018022915e-01
4.665704851364517181e-01
4.970435031718814511e-02
6.505220682752886618e-02
3.791474635274094673e-01
-2.935474065293271484e-01
9.744876096405545862e-01
1.138535427429160224e-01
3.104459245779651599e-01
2.082781940849033897e-01
4.938992930934724690e-01
3.844096972608001053e-03
-8.132880237273140134e-01
5.497516123829184753e-01
1.563084682969011485e-01
-1.861357741713981218e-01
1.012658639637035618e+00
9.863670474162956614e-01
-5.698742633709193844e-02
4.120704465654790316e-01
1.536850314588038335e+00
6.218032232527913317e-02
8.391861047216345182e-02
1.302272859252721349e-01
