
Figur of merit = weighted_fidelity_chi
Problem = sphere
Number of qubits = 4
Entanglement = n
Number of layers = 8
Minimization method = L-BFGS-B
Random seed = 30

BEST RESULT


THETA = 
[[[ 1.27834577 -0.11520084  0.09298003]
  [ 0.49249743  0.49666557  0.29734774]
  [ 0.77686482  0.62503176  0.6991497 ]
  [ 0.21021412  0.32971145  0.71215395]
  [ 0.54182247  0.34210353  0.75144244]
  [ 0.70052674  0.50026889  0.75549405]
  [ 0.48698468  0.25287017  0.07629983]
  [ 1.09009675  0.3797017   0.3041847 ]]

 [[ 0.68441522  1.0024069   0.9188962 ]
  [ 0.41467653  0.55250277  1.17852689]
  [ 0.16838503  1.03715669  0.1293193 ]
  [ 0.46487205 -0.01224771  0.98539063]
  [-0.00578572  0.49989381  0.50255778]
  [ 0.5240421   0.42614959  0.58533537]
  [ 0.30201303  1.05193476  0.86959268]
  [ 0.4880936   0.25333939  1.04323026]]

 [[ 1.27643091  0.95855575  0.20246873]
  [-0.13857128  0.85282227  0.1928156 ]
  [ 1.62479192  0.57971029  0.68285695]
  [ 0.80406028  0.68369982  0.39795367]
  [-0.25568359  0.48210327  0.46103962]
  [ 0.75729918  0.90987609  0.45940812]
  [ 0.07230213  0.05889313  1.01205301]
  [-0.02808276  0.96971271  0.05410146]]

 [[ 1.07413402  0.66734591  0.1139868 ]
  [-0.1665696   0.10326062  0.71173641]
  [ 0.04567946  0.11377981  0.87362538]
  [ 0.48577979  0.36632231  0.40016058]
  [ 0.19696483  0.03148475  0.05148739]
  [ 1.35957938  0.35409531 -0.20467092]
  [ 0.3662963  -0.05763676 -0.18384662]
  [-0.02774252  0.60293981  0.26409547]]]
ALPHA = 
[[[ 0.17313302 -0.3149549   0.97775781]
  [ 0.4472213  -0.59001572  0.79632183]
  [ 0.47205308  0.19080252  0.32037439]
  [-0.25551116  0.34762506  0.13259713]
  [ 0.59164517 -0.78005955 -0.03647962]
  [ 0.19147253 -0.46138415  0.00875162]
  [ 0.55512289  0.27203392 -0.03280944]
  [-0.01394554  0.19058757  0.4121796 ]]

 [[ 0.2173682   0.90004417  0.74211492]
  [ 0.25666287  0.80444251 -0.11598595]
  [ 0.18857275  0.81918668  0.26962594]
  [ 0.59199819  0.09666583  0.05968959]
  [-0.0347668   0.15767462  0.31055755]
  [ 0.48432537  0.18583837  0.49077664]
  [ 0.520393    0.9576467  -0.02115475]
  [ 0.33676063  0.92597117  0.26954022]]

 [[ 0.0942458   1.1597068   0.59085867]
  [ 0.65961277  0.84776159  1.24036493]
  [ 0.33261315  0.40635838  0.6002852 ]
  [-0.26510487  0.8220054  -0.10295109]
  [ 0.27792208  0.86170224 -0.27838495]
  [ 0.08600671 -0.43593949  0.04132747]
  [ 0.35808795  0.09031707  1.11169368]
  [ 0.61910423  0.48491181  0.61893731]]

 [[ 0.8433396   0.82223479  0.34163625]
  [ 1.0374702   0.31626993  0.32323421]
  [-0.23328158  0.42699893  0.8250856 ]
  [-0.1385136   0.69809514  0.5689115 ]
  [ 0.833076    0.52604041  0.81644381]
  [ 0.93588302  0.43000503  0.97080194]
  [ 0.2177673   0.9082677   0.47586681]
  [-1.12442932  0.83740852  0.4224144 ]]]
WEIGHTS = 
[[ 1.10909618  0.45489526 -1.1810961   0.72027381]
 [ 1.04968974  0.11365783 -1.20368196  0.68917258]]
chi**2 = 0.06884411626617386
acc_train = 0.968
acc_test = 0.93875