1.278345769460981440e+00
-1.152008395307048683e-01
9.298002858677055504e-02
4.924974331235873470e-01
4.966655669193519307e-01
2.973477357091927065e-01
7.768648183219977188e-01
6.250317602383275162e-01
6.991497036614791050e-01
2.102141190571479856e-01
3.297114530950493450e-01
7.121539538679364512e-01
5.418224656481169799e-01
3.421035293516756504e-01
7.514424424370633737e-01
7.005267445050631370e-01
5.002688889996730337e-01
7.554940505884036872e-01
4.869846791864221314e-01
2.528701670437739635e-01
7.629983142351492997e-02
1.090096749081787220e+00
3.797017025963930759e-01
3.041847017451712043e-01
6.844152204175171228e-01
1.002406904882316763e+00
9.188961998958793398e-01
4.146765301595506381e-01
5.525027728346028066e-01
1.178526885542919178e+00
1.683850309267788115e-01
1.037156690424467342e+00
1.293193034908900474e-01
4.648720538046701711e-01
-1.224770630048061838e-02
9.853906339181157659e-01
-5.785718824849782685e-03
4.998938110549154823e-01
5.025577828845976258e-01
5.240421022357539815e-01
4.261495914514127903e-01
5.853353679535535647e-01
3.020130269616815855e-01
1.051934763066494360e+00
8.695926756612849529e-01
4.880936010973411232e-01
2.533393867373462949e-01
1.043230262263353803e+00
1.276430905410712358e+00
9.585557488163292117e-01
2.024687345410222383e-01
-1.385712822372737185e-01
8.528222679430256248e-01
1.928155967199080278e-01
1.624791917400224550e+00
5.797102871997666940e-01
6.828569482537530932e-01
8.040602812900348173e-01
6.836998155846398806e-01
3.979536682639679968e-01
-2.556835941809321722e-01
4.821032655673779255e-01
4.610396232358912050e-01
7.572991763688667888e-01
9.098760893011160755e-01
4.594081209710557112e-01
7.230213154006853715e-02
5.889313437670255780e-02
1.012053007985423747e+00
-2.808275901232386990e-02
9.697127102866287540e-01
5.410146311300124272e-02
1.074134021473863498e+00
6.673459090927692516e-01
1.139867970837588618e-01
-1.665695983212960307e-01
1.032606209968514599e-01
7.117364145394668995e-01
4.567945652589269767e-02
1.137798123659330973e-01
8.736253843918851958e-01
4.857797917625420459e-01
3.663223110773838331e-01
4.001605774814983585e-01
1.969648330889621768e-01
3.148474855396235506e-02
5.148738898400150032e-02
1.359579379235239083e+00
3.540953121095749556e-01
-2.046709169274978646e-01
3.662962975498722518e-01
-5.763676471296082238e-02
-1.838466151851046448e-01
-2.774252128880062493e-02
6.029398077463317129e-01
2.640954652624231680e-01
