9.842055771946051079e-01
3.540775759273325218e-01
7.681919311410177753e-02
1.019301607400567855e+00
-6.475592692407926565e-01
1.356218401001362039e+00
9.346833520674044937e-01
-1.958296135266572202e+00
1.431880317791125456e+00
-5.881885058276155043e-01
3.250929266660173567e-01
-3.286526125428932410e+00
1.080386809360750267e+00
6.611020003685584845e-01
4.828294178511410628e+00
-7.038702801701115508e-01
1.292810635828583354e+00
6.524000832470526756e-01
-7.917510775439695614e-01
9.654196644564311258e-01
-1.006281384057184480e+00
9.090562257579019034e-01
1.325567508754332380e+00
-1.510573931606531639e+00
1.285643780230897759e+00
1.835095102055294358e+00
1.825732530158996170e+00
-1.506953377615437795e+00
6.497206435940530156e-01
1.835592885200659330e+00
