1.192337727375710976e+00
-3.957834173771855313e-01
9.298090885482861168e-02
7.202271645874213091e-01
7.242580832747634867e-01
1.676584245490033223e-02
5.837320475063925151e-01
1.014154323201482910e+00
9.267439648286642795e-01
2.592537377873052051e-01
6.038042368958846939e-01
1.101275235984719103e+00
5.559941161766139839e-01
2.483028814025287911e-01
1.025535459809431060e+00
1.612542876506291023e+00
7.017430512917131047e-01
6.616928070519807470e-01
-7.156520152706264959e-01
4.608517409793251862e-01
2.777735499681400211e-01
3.253442922345441968e-01
4.055404393916667294e-01
5.121656151716292849e-01
3.239289572361048197e-01
9.560532082081555361e-01
9.447354625699835307e-01
3.166071022102474597e-01
5.425516342764071798e-01
1.132173714704452161e+00
1.739845716977110324e-01
9.277989942422004699e-01
1.193684454410714746e-01
6.901475062331893229e-01
1.068207731747757017e-01
8.760339301143408308e-01
1.002089781713070282e+00
6.030967273767913195e-01
6.216274960882924860e-01
1.164691833625999540e-01
7.576796763922049038e-01
6.885381612451537681e-01
-1.069391197369070207e-01
6.135179625489919908e-02
1.201123728999812235e+00
1.087527052749230227e+00
1.602051546163824891e-01
5.264776899364613516e-02
6.206054564086730396e-01
1.702388312837609607e+00
1.093344266145212101e-01
6.847139280523459881e-01
7.956948401006466165e-01
9.366463512858536067e-01
-5.414634300159472391e-02
8.733540486725739349e-01
6.257292910246911033e-01
5.630233339627584987e-01
3.580376392498720861e-01
6.915962207336523448e-01
5.023420811293402011e-01
-2.919682483155899289e-01
1.353772889431706372e-01
5.996740218676701595e-01
3.341289209058134202e-01
-3.146637928312452925e-01
3.587876459844500238e-02
-4.228471125296748845e-01
4.363048886213571342e-01
9.492720685760925869e-01
9.697117944803963496e-01
-4.276376563446507295e-01
