2.994974428353837717e-02
-1.847677160103821103e-01
1.139861153611130690e-01
3.333181434185709113e-01
-3.984752151071760395e-01
5.344661547681018449e-02
5.884449807491667905e-02
3.267937977610394507e-01
1.104283727118298364e+00
-6.300725122977550718e-01
-1.523076521185078372e-02
2.819110427510033712e-01
2.551759693744929391e-01
-5.855644646319803082e-01
6.702577540958206759e-04
1.963005963182666014e-01
6.051049756576500904e-01
5.971538085279360919e-01
3.330375027775624441e-01
6.978386084555211477e-01
6.716301302019252184e-02
3.144423384021011181e-01
6.110334466171899459e-01
1.112681417109437465e+00
8.301516797402866965e-01
3.345167651363975536e-01
7.413096733954707140e-01
9.410717308279690219e-01
5.259124623758693051e-01
5.185926135539650206e-01
3.979366429797035476e-01
6.897364121616305077e-01
3.884505719808862279e-01
1.373505748432904405e-01
7.106102113026584455e-01
8.853012294452852204e-01
-3.207043613672300175e-01
2.875924874665341524e-01
6.592669795788635989e-01
-5.757873426078025103e-01
4.944012338552604136e-01
3.839431685938399230e-01
1.109730248531374253e+00
8.392216921833710597e-01
2.164357410141163340e-01
8.633336985654707085e-01
5.764227734361671018e-01
1.160555613161570854e+00
-2.744740007153581018e-01
1.024944261844527915e+00
4.753580560243105824e-01
1.068381480250139903e+00
8.927236016291347775e-01
7.204914820931310748e-01
-1.903470166531622543e-01
8.193566662001754430e-01
8.180652096792475625e-01
3.847394807677891326e-01
3.182450092186210333e-01
2.938146420852407736e-01
1.485760840103056979e-01
7.687309874075475280e-01
-2.831980360131283736e-01
-1.592647277736876886e-03
7.088123009363577198e-01
-4.370083843036954296e-01
4.643817499307498764e-01
6.066661373924048251e-01
-5.209384220339271510e-01
4.429714766363966327e-01
9.259707513124586509e-01
-2.298678085440510610e-01
