1.311728951595058312e+00
2.396786455022617557e-01
8.554115331199150241e-01
1.849597308581550914e-01
2.559057263725265097e-01
3.283792226514749973e-02
2.552803542054608577e-01
6.894103524770466285e-01
8.929094664202802401e-01
2.635823028327272111e-01
1.009209435344679884e+00
1.028879775260544971e+00
3.230530286478574542e-01
2.217193933330843247e-01
1.458238670125261205e+00
-6.509059734646772954e-02
2.884987251183167289e-02
3.791438443658906587e-01
6.099302768148525539e-02
7.222016771655933587e-01
8.254530273286309061e-02
-1.617839488830230266e-01
6.883116554144310673e-01
-1.756751070051703056e-01
6.348058339636978298e-01
9.342038168134897402e-01
7.234591658445189699e-01
1.255580875829613863e+00
5.690572072633208744e-01
2.836099286562387967e-01
6.321500800868243841e-01
8.966607095055738608e-01
4.388046698528047518e-01
4.232205544196182001e-01
9.680729146153417564e-02
1.037890363869166332e+00
7.711933459949946723e-01
5.221211144403054005e-01
6.709595783437489747e-01
1.184337776331276126e+00
3.504907907450217630e-01
5.458111392404065010e-02
2.023586608180755197e-01
4.548955259930902995e-01
1.206685288560476632e+00
-1.481910389574702114e-01
3.688382885519475574e-01
3.785923281329339196e-01
9.330320688313380184e-02
1.136971913122521993e-01
6.992156472643550336e-01
9.616277483204562770e-01
7.380345773320791114e-01
4.887032584558206882e-01
6.482712166714079682e-01
4.615734797296497383e-01
2.673429564616323084e-01
7.256298015454190065e-01
5.011756659594629459e-01
8.445327990681016361e-01
-4.874266404567685895e-01
5.346362943363028863e-01
3.829064844438424542e-01
6.139086205344250757e-01
4.523226353116309717e-01
9.732219668389818779e-01
2.707959630933550743e-01
4.860696878403638621e-01
3.338570752797446195e-01
7.700680902889185664e-02
-8.983263789948658581e-03
9.180617582383502340e-01
-3.099765808048072363e-02
8.361842043054360518e-01
1.987244865310847791e-02
6.128016086533502604e-02
6.511736291239578200e-01
7.606719448254187221e-02
1.176272171071990114e+00
1.365537006216369087e-01
5.824716269044050154e-01
6.978794641867480664e-01
4.056700129263019483e-01
2.654396401523712382e-02
6.111998175755191109e-01
1.202176953459175995e-01
6.807945132081867634e-02
3.620212978493846379e-01
3.492336205147553163e-01
5.568316853283828971e-01
-1.472164352048937475e-01
4.331523095868132778e-01
8.734249830385509838e-01
-3.084004616008192978e-01
7.422097285640481823e-02
1.513079662701929395e-01
1.812020886802936104e-01
1.865693462424237448e-01
9.085074083048333415e-01
7.803313521790666840e-01
6.594297046510230742e-02
8.906197364975279585e-02
1.196101094047457458e+00
2.171506942016288022e-01
1.984095111230859687e-01
6.959964567057722595e-01
2.584724107050704808e-02
8.248599588319223130e-01
4.141119808303993510e-01
-6.574800706334030242e-02
1.515561979457522856e-01
8.283222573053009574e-01
2.650794145112008171e-01
1.190977969538082742e-01
1.085395921036503175e+00
4.226186837492207360e-01
4.707683651122679391e-01
2.531772686966138330e-01
8.084774373513649026e-01
6.086521175372588965e-01
