2.318864014728536371e-01
8.506458509474792429e-01
3.048128130714471973e-01
3.250333374266164976e-01
-1.019243166763573460e-01
2.677768399067014249e-01
-7.076124447835434594e-01
4.980764481495763008e-01
5.788175902077259405e-01
1.460054490305534580e+00
9.042739968939949025e-01
1.365642872697887533e+00
1.582065216943641994e+00
3.722053327840640913e-01
1.120140528527826973e+00
-4.828177525066940645e-01
8.807095837004810246e-01
4.028774956708784938e-01
3.362408944828277901e-01
3.089054800870547068e-01
4.389945973909184507e-01
9.728899127847323580e-01
3.673836345665513758e-01
6.328080786318066586e-01
4.828371740398283984e-01
-2.011203565458321019e-01
5.176467736480485637e-01
3.557646186208826000e-01
3.851668072717881475e-01
-2.051970007467492640e-01
8.253093430099192052e-01
2.076223295643662287e-02
7.684344122551994838e-01
5.793770140035164884e-01
3.990514045057297898e-01
4.859893101892961420e-01
7.401401464048388279e-01
1.186209987860857712e-01
3.619530756848827746e-01
8.898326728607149905e-01
6.268896972488165187e-02
6.444074957742957910e-01
1.916471008848725510e-01
2.488394655197741778e-01
9.710118070707739468e-01
4.919528445643401304e-01
4.510911153483302405e-01
3.386072036779206318e-01
8.473084038995214451e-01
8.188227639495783416e-02
2.891909487605824336e-01
6.167360494292090101e-01
4.623932532545740326e-01
9.627809554186499419e-01
1.550631959355495970e-01
5.619687166533912093e-01
4.690667061473911825e-03
9.269748160539932336e-01
1.124845428869797742e-01
4.318283048138840119e-01
5.099323283517758210e-01
5.285257804425337325e-01
-4.764856371668299562e-02
-1.325959981581692482e-01
9.542239473307972952e-01
-1.807658315687037942e-01
8.090499248729086101e-01
1.589734236420264346e-01
4.989993549335952627e-01
8.470277083665007645e-01
3.511369982536817203e-01
1.840709598596873553e-01
7.999339894893914282e-01
4.414763193612196157e-01
1.052432041770789972e+00
5.083696857742028286e-01
1.184158437760049587e+00
4.215392922215911997e-01
7.844420497009503279e-01
1.593588756839619813e-01
