
Figur of merit = weighted_fidelity_chi
Problem = crown
Number of qubits = 4
Entanglement = n
Number of layers = 5
Minimization method = L-BFGS-B
Random seed = 30

BEST RESULT


THETA = 
[[[ 0.96374531  0.29451929  0.85541095]
  [ 0.20026774  0.20810008  0.0876809 ]
  [-0.30420788  0.81826353  0.84510152]
  [-1.00338011  1.1493656   1.15772951]
  [ 1.19357655  0.33752275  1.59839461]]

 [[-1.10338309  0.41533003  0.49494739]
  [-0.06072355  0.71511397  0.46902495]
  [ 0.14700076  0.36100861 -0.18276122]
  [ 0.78466534  1.36129789  0.39615704]
  [ 0.99565449  0.56905754  0.71070331]]

 [[ 0.479242    0.14964236  0.43880584]
  [ 0.45944899 -0.59142945  0.29087116]
  [ 0.57861371  0.08101213 -0.01726792]
  [ 0.8180117   0.16577476 -0.38652923]
  [-0.26344076  0.31585166  1.02196553]]

 [[-1.52907454  1.39628746  0.23954534]
  [ 0.05010646 -0.19378974  1.72666524]
  [ 3.26217051  0.23098777  0.18121615]
  [ 1.85976603 -0.22464279 -0.23970328]
  [-0.4306509   0.50117644  0.1583162 ]]]
ALPHA = 
[[[-0.12799485  0.23858809]
  [-0.06290268  0.13885433]
  [ 0.23709186 -0.12748607]
  [ 0.62492469 -0.44693609]
  [ 0.45560447  0.6511509 ]]

 [[-0.86202333  0.82931514]
  [ 0.47981579  0.01134192]
  [ 0.36356988 -0.78029989]
  [ 1.01190398  0.30841513]
  [-0.13578186  0.29002444]]

 [[-0.2490873  -0.62980206]
  [ 0.38385997 -0.55715007]
  [ 0.0394288  -0.61653509]
  [ 0.3490929   0.59546389]
  [ 1.38895127  0.56019111]]

 [[-0.94390869  1.59284208]
  [ 0.7623244   1.38896096]
  [ 0.98908964 -1.85649625]
  [ 0.68177583  0.37534019]
  [ 1.41957378  0.40878331]]]
WEIGHTS = 
[[ 0.78007978 -0.64774036  0.21478833  1.86610789]
 [-0.37284693 -0.85740992  0.32974125  1.87768231]]
chi**2 = 0.05569454195313936
acc_train = 0.97
acc_test = 0.967