-1.279948486840634669e-01
2.385880914586524792e-01
-6.290268095516611535e-02
1.388543343231546101e-01
2.370918565181060478e-01
-1.274860716937327998e-01
6.249246901716596359e-01
-4.469360888316777358e-01
4.556044729404963856e-01
6.511509042275748227e-01
-8.620233311028129286e-01
8.293151427724604341e-01
4.798157918506137376e-01
1.134191802476335574e-02
3.635698801437513006e-01
-7.802998945505331685e-01
1.011903979721933799e+00
3.084151278095838555e-01
-1.357818608852317532e-01
2.900244395249680918e-01
-2.490872979241119389e-01
-6.298020579245614536e-01
3.838599652086172043e-01
-5.571500668154767411e-01
3.942880127785840932e-02
-6.165350881802617034e-01
3.490929021774776819e-01
5.954638899666793161e-01
1.388951272410629434e+00
5.601911136313697526e-01
-9.439086874464122090e-01
1.592842081478469618e+00
7.623244028675075779e-01
1.388960960441197878e+00
9.890896414061018938e-01
-1.856496251842708167e+00
6.817758322903174628e-01
3.753401883279617324e-01
1.419573783631362440e+00
4.087833146688649721e-01
