9.637453124449334441e-01
2.945192936329028011e-01
8.554109526070303726e-01
2.002677364412468186e-01
2.081000817151424931e-01
8.768090224739419347e-02
-3.042078838767970361e-01
8.182635269102540576e-01
8.451015213733620302e-01
-1.003380105936662492e+00
1.149365600214292682e+00
1.157729508103630733e+00
1.193576545868379579e+00
3.375227481717541500e-01
1.598394605960563819e+00
-1.103383085803126162e+00
4.153300276387951184e-01
4.949473901356433725e-01
-6.072355216023948149e-02
7.151139661655957491e-01
4.690249463896422055e-01
1.470007581764150029e-01
3.610086102677733666e-01
-1.827612170090316401e-01
7.846653361812739869e-01
1.361297892194749837e+00
3.961570361250520977e-01
9.956544932498930800e-01
5.690575376649821271e-01
7.107033078966625839e-01
4.792419956133648351e-01
1.496423624540430819e-01
4.388058381871047797e-01
4.594489858090048950e-01
-5.914294513353679505e-01
2.908711596440177183e-01
5.786137112053673093e-01
8.101212848104594189e-02
-1.726792471605127430e-02
8.180117003600927417e-01
1.657747627891425213e-01
-3.865292274052772314e-01
-2.634407613702863804e-01
3.158516580949453090e-01
1.021965528993659333e+00
-1.529074537262917088e+00
1.396287458381819224e+00
2.395453350706230333e-01
5.010646042383074678e-02
-1.937897377367855667e-01
1.726665241744599122e+00
3.262170505202888648e+00
2.309877701992069099e-01
1.812161462146586743e-01
1.859766025212601370e+00
-2.246427939945914443e-01
-2.397032833732229695e-01
-4.306509009123221654e-01
5.011764373791649518e-01
1.583161969231702271e-01
