1.158496349258525682e-01
9.312055749080592193e-01
-1.015686785526891844e+00
1.714288877487072371e+00
-1.474530120099422081e+00
3.327621843630865217e-01
1.464285791113416682e-02
1.118861799676492463e+00
4.405756737505225895e-01
6.188780450555245519e-03
1.188980863924755438e+00
-9.964109221971915176e-01
2.287952913787699050e+00
5.794294913156229354e-01
1.333110873230617832e+00
4.626338868946401339e-01
3.154496631680506202e-01
1.992894154979943933e+00
-1.875699381608720850e+00
-1.169362825105597858e+00
4.950214764301326398e-02
-1.269712116072204688e+00
1.365129815261897805e+00
-6.753316037385107551e-01
