3.122881403697657862e-02
-2.461790818934891378e-01
9.188089967393869850e-01
2.218768534197244624e-01
-1.837070242196394143e-01
2.083464738465458765e+00
1.663752565055532484e+00
5.800002214483815921e-01
1.858247340362858768e+00
1.497941121541665477e-01
1.067371376995861765e-01
-2.762004653585011571e+00
7.514098550250076780e-01
1.098231958763424554e-01
6.215257766210486867e-01
1.715107281378345672e+00
-4.137733366508316961e-03
-1.304920909730425294e+00
7.026092106429283890e-02
-2.307053337825339112e-02
-6.338807172619831398e-02
1.205169228256244951e+00
2.533460945314948143e-01
4.708450419509059848e-01
