2.000800787347720155e-01
9.601923226750391782e-01
8.555481514596043890e-01
1.280735941278816625e-01
5.113128303408339681e-01
7.533230020485127687e-01
-5.744434837193603816e-01
5.002457032663299996e-01
1.148340799186858607e+00
-8.135845441963160396e-02
-4.944514178154444523e-02
8.397630144995140711e-01
1.963031845313837787e+00
1.301186982866096464e+00
3.994922803045236059e-01
1.293493273845111702e+00
-3.954287350448727478e-01
1.458683167492554222e+00
2.905407221697576592e+00
1.237634144171644079e+00
-3.417632110318233329e-01
6.153739106571886053e-01
-3.585589109237503624e-01
3.397815000680251551e-01
-1.498634972843150504e+00
1.733056524383428831e+00
-3.234393841038769035e-01
6.987667834382466081e-01
1.682712034215857688e+00
1.082544604072792183e+00
