
Figur of merit = fidelity_chi
Problem = sphere
Number of qubits = 2
Entanglement = y
Number of layers = 10
Minimization method = L-BFGS-B
Random seed = 30

BEST RESULT


THETA = 
[[[ 1.70522539e+00 -1.59960104e-01  9.29847932e-02]
  [ 1.68190277e+00  8.30916246e-02  2.52581985e-01]
  [ 1.62079904e+00  1.70898748e+00  2.85573715e-01]
  [ 1.37302178e+00  6.48146612e-01  1.79609746e+00]
  [ 1.06361094e+00  6.22390511e-01  1.06988003e+00]
  [ 6.73860006e-01  5.72254630e-01  1.03576724e+00]
  [ 1.23730340e+00 -3.14801859e-02  1.48274938e-01]
  [ 9.54392765e-02  3.07885449e-01  1.98381842e-02]
  [ 1.06647811e+00  1.23786290e+00  8.47064644e-01]
  [-2.08845711e-03  4.99999712e-01  1.41397703e+00]]

 [[ 1.79580531e-03  9.25207394e-01  7.68203911e-02]
  [ 4.39751671e-03  3.67214066e-01  8.73436942e-01]
  [-1.64239333e-03  6.87301349e-01  8.82024190e-01]
  [-7.41105886e-04  6.35685092e-01  7.72732273e-01]
  [ 1.39921921e-02  5.71179468e-01  1.07912299e+00]
  [-2.06752712e-02  2.79678601e-02  5.62473057e-01]
  [ 4.34740184e-01  4.50910762e-01 -2.29005039e-02]
  [-1.32158857e-03  8.13025103e-01 -3.14826371e-01]
  [ 1.58564994e+00  1.44379118e+00  6.43048253e-01]
  [ 1.54519656e+00  6.49709233e-01  1.26204125e+00]]]
ALPHA = 
[[[ 0.90449932  1.97233035  0.42707553]
  [ 1.11946276  0.17460457  0.21343326]
  [ 0.15171763 -2.08903462  1.64492507]
  [-0.61907357 -1.37385956  0.14683823]
  [-1.38315653  0.72836734 -0.81889463]
  [-1.22179808  3.03605964 -2.32613386]
  [ 1.59024048  0.64367533  2.93216969]
  [ 0.09091001  0.20609558 -0.1770151 ]
  [ 0.88628058 -0.27776587 -0.95967846]
  [ 0.0087003   0.6051083   0.1953764 ]]

 [[-0.00777266  0.34001487  0.06717169]
  [-0.00306935  0.43801791  0.67363383]
  [ 0.01337597 -0.31109146  0.36053566]
  [ 0.01191151  0.06266825  0.18391793]
  [ 0.01586345  0.20315265  0.06409605]
  [-0.01392473  0.84382311  0.52116998]
  [ 0.00715131 -1.21923068  0.32479183]
  [-0.04272616  1.1885183  -0.04217527]
  [ 0.01130791  0.01176095  0.05598731]
  [-0.02313443  0.19058846 -0.00697956]]]
chi**2 = -0.8789109795549808
acc_train = 0.918
acc_test = 0.89625