9.044993188203667156e-01
1.972330353626474242e+00
4.270755310606689781e-01
1.119462764400917187e+00
1.746045663681337068e-01
2.134332560368449316e-01
1.517176340096003107e-01
-2.089034619327233333e+00
1.644925072356866025e+00
-6.190735672814358104e-01
-1.373859558779026546e+00
1.468382292694248581e-01
-1.383156528879496916e+00
7.283673382697654075e-01
-8.188946341767154857e-01
-1.221798080130914066e+00
3.036059641043131307e+00
-2.326133862532804297e+00
1.590240484311161495e+00
6.436753292354703282e-01
2.932169691427889635e+00
9.091000768307412605e-02
2.060955837779537836e-01
-1.770151009415069920e-01
8.862805813216686479e-01
-2.777658694592536892e-01
-9.596784628865843159e-01
8.700295077208611283e-03
6.051082997486896264e-01
1.953763989048152572e-01
-7.772660005518614024e-03
3.400148746111828491e-01
6.717168995164952972e-02
-3.069345807737507321e-03
4.380179099153326261e-01
6.736338255793518082e-01
1.337597473016787462e-02
-3.110914557998006869e-01
3.605356598120724732e-01
1.191150727101644366e-02
6.266824502676532349e-02
1.839179336964520128e-01
1.586345066539270043e-02
2.031526481921075711e-01
6.409604570837584836e-02
-1.392472780709863925e-02
8.438231142987416833e-01
5.211699804379816836e-01
7.151309802433281071e-03
-1.219230677921070427e+00
3.247918315352985030e-01
-4.272616264035527384e-02
1.188518295001448788e+00
-4.217526683149500077e-02
1.130790568774903311e-02
1.176094910250507011e-02
5.598730802634803438e-02
-2.313443296225188919e-02
1.905884628503857481e-01
-6.979556731406134917e-03
