1.705225386229248574e+00
-1.599601036674637433e-01
9.298479319655184039e-02
1.681902771147121056e+00
8.309162462013008899e-02
2.525819853831742789e-01
1.620799040233239507e+00
1.708987477798993959e+00
2.855737151747246294e-01
1.373021781462816948e+00
6.481466118158802914e-01
1.796097464922266296e+00
1.063610940576920738e+00
6.223905114448019527e-01
1.069880027332723582e+00
6.738600063353653580e-01
5.722546297734169007e-01
1.035767242127738408e+00
1.237303401351795840e+00
-3.148018585089334270e-02
1.482749378464892909e-01
9.543927650031314158e-02
3.078854491792976655e-01
1.983818424617828785e-02
1.066478114914087838e+00
1.237862902334217141e+00
8.470646441109275226e-01
-2.088457113998607589e-03
4.999997118739389346e-01
1.413977028129110414e+00
1.795805307965885360e-03
9.252073941310493543e-01
7.682039114371767841e-02
4.397516709984661092e-03
3.672140658686071646e-01
8.734369418989942346e-01
-1.642393325507709783e-03
6.873013488437722529e-01
8.820241899404310804e-01
-7.411058855973497259e-04
6.356850919632731634e-01
7.727322727770192801e-01
1.399219207683670418e-02
5.711794682291084779e-01
1.079122990316396358e+00
-2.067527120817894137e-02
2.796786013407292701e-02
5.624730572603556800e-01
4.347401843449453795e-01
4.509107623703527690e-01
-2.290050390972396890e-02
-1.321588569450874535e-03
8.130251030069457485e-01
-3.148263708240437442e-01
1.585649942257263634e+00
1.443791175823370576e+00
6.430482532189100153e-01
1.545196564592671740e+00
6.497092326766550352e-01
1.262041245929369504e+00
