7.586114711136294764e-01
7.209588032651944589e-01
8.554104996854359211e-01
7.876890017457119364e-02
4.343035792056557653e-01
5.141188479203708805e-01
9.054051693290040559e-01
4.833472810930018460e-01
1.071309177914719024e+00
4.172352340682417005e-01
5.515391817301296129e-01
8.228167960961991767e-01
9.010607888345665284e-01
2.225378469863999453e-01
1.000568584638221736e+00
7.498969847714711534e-01
1.342820956862507409e-01
3.799622199950071777e-01
7.452322311115937570e-01
8.699027982338468634e-01
1.879774037223356509e-01
-2.240152217822594105e-02
5.965933692526727006e-01
-2.797374472553633071e-02
2.489405903314103607e-01
1.095719737690923568e+00
6.317410526951774408e-01
1.011400554949142050e+00
1.135983365078329754e+00
4.451259260095461467e-01
-1.921733795432705727e-01
9.232031326083759426e-01
4.388040755889724420e-01
1.477001959914655271e-01
2.804575268269889343e-01
1.064432444649648035e+00
6.203856358201879084e-01
5.455675139086533232e-01
8.546094475437553406e-01
1.273566216788847960e+00
1.371152644079743355e-01
7.802738705572574707e-02
9.969561875413071039e-01
3.395071314948508445e-01
9.933095270719523029e-01
6.178564191306482600e-01
4.214142080924643263e-01
2.632032321740898073e-01
2.945183096052301705e-02
2.031064840206549815e-01
7.517910687430724437e-01
5.922493777410832161e-01
6.584442809300218302e-01
5.781126535860412474e-01
1.257587740676977761e+00
-1.604310433901970645e-01
1.877533631639906608e-01
1.442786736733144393e+00
7.370947392026647726e-01
2.225286051475419413e-01
4.781387721455908693e-04
4.441982618964354090e-01
3.829058198026586424e-01
7.641433750127587521e-01
6.117037352425762631e-01
8.827837713164846667e-01
1.976221494538497048e-01
3.206025284354070970e-01
4.932381059493202158e-01
4.204681911934903815e-01
-1.128757386565990561e-01
7.525943102447609778e-01
4.796634172463983825e-01
1.133657623743227649e+00
-8.401983570052827532e-02
4.863682931620393890e-01
1.016395775767799714e+00
3.735402864885593033e-01
6.776706228723530234e-01
1.784019658857536050e-01
9.476940936028693807e-01
-1.444787479671726382e-01
3.944242786285833691e-01
6.839210438553575133e-02
9.414170433292786550e-03
3.698698491544419320e-01
5.683358294815669259e-02
7.264701379148363891e-01
1.913436436181037981e-01
8.064841152723127848e-01
3.633823499385753220e-01
3.311009041310902234e-01
8.734248313699832789e-01
7.932477195228790356e-02
1.098259957686734400e-01
4.925710894752965974e-02
5.564309170519669140e-02
6.383582528893425589e-01
9.441120447079139888e-01
4.417649911612702152e-01
3.677288434480097123e-01
5.408501778416054950e-01
1.371078167238593437e+00
3.329686072847526379e-01
5.001964435325835234e-01
1.862224066713925319e-01
2.410846001281930773e-01
9.406784878230518565e-01
-1.724952499949729268e-01
2.760631611718629072e-02
3.667933275099928281e-01
2.411621024025440430e-01
6.151011051102252269e-02
2.124518849427466660e-01
8.992322255576814527e-01
4.699716691769731391e-01
2.671993735204409859e-01
1.155627517624295830e-01
1.019446471791300990e+00
6.560049110057625255e-01
