
Figur of merit = weighted_fidelity_chi
Problem = squares
Number of qubits = 4
Entanglement = n
Number of layers = 10
Minimization method = L-BFGS-B
Random seed = 30

BEST RESULT


THETA = 
[[[ 7.58611471e-01  7.20958803e-01  8.55410500e-01]
  [ 7.87689002e-02  4.34303579e-01  5.14118848e-01]
  [ 9.05405169e-01  4.83347281e-01  1.07130918e+00]
  [ 4.17235234e-01  5.51539182e-01  8.22816796e-01]
  [ 9.01060789e-01  2.22537847e-01  1.00056858e+00]
  [ 7.49896985e-01  1.34282096e-01  3.79962220e-01]
  [ 7.45232231e-01  8.69902798e-01  1.87977404e-01]
  [-2.24015222e-02  5.96593369e-01 -2.79737447e-02]
  [ 2.48940590e-01  1.09571974e+00  6.31741053e-01]
  [ 1.01140055e+00  1.13598337e+00  4.45125926e-01]]

 [[-1.92173380e-01  9.23203133e-01  4.38804076e-01]
  [ 1.47700196e-01  2.80457527e-01  1.06443244e+00]
  [ 6.20385636e-01  5.45567514e-01  8.54609448e-01]
  [ 1.27356622e+00  1.37115264e-01  7.80273871e-02]
  [ 9.96956188e-01  3.39507131e-01  9.93309527e-01]
  [ 6.17856419e-01  4.21414208e-01  2.63203232e-01]
  [ 2.94518310e-02  2.03106484e-01  7.51791069e-01]
  [ 5.92249378e-01  6.58444281e-01  5.78112654e-01]
  [ 1.25758774e+00 -1.60431043e-01  1.87753363e-01]
  [ 1.44278674e+00  7.37094739e-01  2.22528605e-01]]

 [[ 4.78138772e-04  4.44198262e-01  3.82905820e-01]
  [ 7.64143375e-01  6.11703735e-01  8.82783771e-01]
  [ 1.97622149e-01  3.20602528e-01  4.93238106e-01]
  [ 4.20468191e-01 -1.12875739e-01  7.52594310e-01]
  [ 4.79663417e-01  1.13365762e+00 -8.40198357e-02]
  [ 4.86368293e-01  1.01639578e+00  3.73540286e-01]
  [ 6.77670623e-01  1.78401966e-01  9.47694094e-01]
  [-1.44478748e-01  3.94424279e-01  6.83921044e-02]
  [ 9.41417043e-03  3.69869849e-01  5.68335829e-02]
  [ 7.26470138e-01  1.91343644e-01  8.06484115e-01]]

 [[ 3.63382350e-01  3.31100904e-01  8.73424831e-01]
  [ 7.93247720e-02  1.09825996e-01  4.92571089e-02]
  [ 5.56430917e-02  6.38358253e-01  9.44112045e-01]
  [ 4.41764991e-01  3.67728843e-01  5.40850178e-01]
  [ 1.37107817e+00  3.32968607e-01  5.00196444e-01]
  [ 1.86222407e-01  2.41084600e-01  9.40678488e-01]
  [-1.72495250e-01  2.76063161e-02  3.66793328e-01]
  [ 2.41162102e-01  6.15101105e-02  2.12451885e-01]
  [ 8.99232226e-01  4.69971669e-01  2.67199374e-01]
  [ 1.15562752e-01  1.01944647e+00  6.56004911e-01]]]
ALPHA = 
[[[-0.15984172  1.50633378]
  [ 0.18694705  0.25597096]
  [ 0.21028302  0.35812709]
  [ 0.08818679  0.32707173]
  [ 0.59507286  1.08899246]
  [ 0.06599686  0.98134801]
  [ 0.91709233  1.06730022]
  [ 0.48201832  0.48461289]
  [ 0.21481094  0.77350099]
  [-0.12259017  0.22408311]]

 [[ 1.14499329  0.71674234]
  [ 0.89822101  0.54146752]
  [ 0.90730134  0.08939126]
  [ 0.87117789  0.51874125]
  [ 0.46272808 -0.15965994]
  [ 0.74163899 -0.14301069]
  [ 0.78824249  0.62055602]
  [ 0.16709836  0.65005712]
  [ 0.83084185  0.08823695]
  [ 0.37586766  0.89686417]]

 [[-0.79381088  0.6194698 ]
  [-0.58095087  0.24705768]
  [ 0.77218586  0.59646231]
  [ 0.26528746 -0.12944222]
  [ 0.73673678 -0.50599458]
  [-0.2704559   0.07352593]
  [ 0.80459131  0.64593353]
  [ 0.83707782  0.37553729]
  [ 0.72798247  0.77929825]
  [ 0.31140496  0.58156359]]

 [[ 1.22326418  0.61918039]
  [ 0.80928019 -0.13777808]
  [ 1.12235157 -0.22331788]
  [ 0.74724933 -0.09302796]
  [ 0.19248096  0.12912259]
  [ 0.76988581 -0.07834944]
  [ 1.27349902  0.61768236]
  [ 1.39092064  0.54728272]
  [ 1.51200004  0.50957142]
  [ 0.59360656  0.24626574]]]
WEIGHTS = 
[[ 0.45186972  0.65476818  0.09480708 -0.02868889]
 [ 0.2571042   0.57686218 -0.12176785  0.67776188]
 [ 0.72327549  0.45602968  0.42677231 -0.36556611]
 [ 0.20003437  0.12959316  0.84163029  0.11136792]]
chi**2 = 0.017383913569341557
acc_train = 0.98
acc_test = 0.939