
Figur of merit = weighted_fidelity_chi
Problem = crown
Number of qubits = 4
Entanglement = n
Number of layers = 6
Minimization method = L-BFGS-B
Random seed = 30

BEST RESULT


THETA = 
[[[-0.10529377  0.80580847  0.85540937]
  [-0.00879205  0.38746902  0.59896704]
  [ 0.83841222  0.47554036  1.02447269]
  [ 0.65309388  0.60143428  0.81500834]
  [ 0.77613409  0.51612702  1.05046438]
  [-0.36936821  0.27524111  0.67355082]]

 [[-0.01610348  1.03676018  0.32893626]
  [-0.03017964  0.48235611  0.13888084]
  [ 0.66632922  0.79587749  0.51750312]
  [ 0.73081355  0.96756142  0.14528238]
  [-0.0587694   1.20616532  0.8373097 ]
  [ 0.19828352  0.02819198  1.34739425]]

 [[ 0.09021403  0.7173526   0.60234122]
  [ 0.99871066 -0.03584218  0.24981516]
  [ 1.48696816  0.16572142  0.8203531 ]
  [ 0.59272177  0.4128499   0.08941872]
  [-0.34757254  0.78644439  0.74322814]
  [ 0.58020135  0.67205287  1.1614512 ]]

 [[ 1.3175929   0.83346296  0.20136202]
  [ 0.32868468  0.97777001  1.21642314]
  [-1.44514353  1.05572871  0.85949903]
  [ 0.84326809 -0.95155877  1.49431317]
  [ 1.24361028  0.33739634 -1.0700233 ]
  [ 2.77883688  0.02084791  0.76938626]]]
ALPHA = 
[[[ 0.89763189  0.67064485]
  [ 0.42802546  0.06246562]
  [ 0.57267148 -0.23682064]
  [ 0.65210765  0.43993538]
  [ 0.35859884  0.82150693]
  [ 0.5886322   0.18001392]]

 [[ 0.13418734 -0.26651567]
  [ 0.40114028 -0.54091691]
  [ 0.83754239 -0.16565434]
  [ 0.85870689 -0.02674356]
  [ 0.2814819   0.39668143]
  [ 0.22449744  0.04008536]]

 [[ 0.57343489  0.21979501]
  [ 0.71437145 -0.36303257]
  [ 0.55014383  0.33381796]
  [ 1.83429907  0.90942937]
  [-0.0506765   1.28036881]
  [-0.708721    0.96095995]]

 [[-0.39814444  2.98739336]
  [ 2.32134814  1.65718952]
  [-1.76111818 -0.08343346]
  [ 0.6612707  -0.34224561]
  [ 0.58717814 -1.65245891]
  [ 2.29606717  0.90866461]]]
WEIGHTS = 
[[-0.18348667  0.32819167 -1.33327188  2.30094451]
 [-0.32885514  0.238776   -1.39194779  2.27123751]]
chi**2 = 0.05617475768392329
acc_train = 0.965
acc_test = 0.954