-1.052937657803720006e-01
8.058084660086872741e-01
8.554093720903520603e-01
-8.792052876662861949e-03
3.874690167868040658e-01
5.989670397650426192e-01
8.384122157386690866e-01
4.755403634065886731e-01
1.024472687343546129e+00
6.530938842517197696e-01
6.014342826310847823e-01
8.150083408062912538e-01
7.761340938801501999e-01
5.161270203123075051e-01
1.050464384479874891e+00
-3.693682088888821657e-01
2.752411136189559793e-01
6.735508243408204754e-01
-1.610348267237890485e-02
1.036760182473765779e+00
3.289362582145374803e-01
-3.017963886221292774e-02
4.823561084445049940e-01
1.388808408427866792e-01
6.663292183539598623e-01
7.958774855324137754e-01
5.175031151511366723e-01
7.308135516928029318e-01
9.675614233233292838e-01
1.452823782074077197e-01
-5.876939619626032896e-02
1.206165319926864488e+00
8.373097017645239060e-01
1.982835185654601706e-01
2.819198225105672487e-02
1.347394248420911378e+00
9.021402813299891910e-02
7.173526049270602112e-01
6.023412195850099682e-01
9.987106568832859743e-01
-3.584217872653705506e-02
2.498151618953481645e-01
1.486968155608929587e+00
1.657214240587967513e-01
8.203531047584224911e-01
5.927217685208721054e-01
4.128498990175749062e-01
8.941872241289369749e-02
-3.475725382234119976e-01
7.864443949102215559e-01
7.432281418638314596e-01
5.802013503770450109e-01
6.720528726894727800e-01
1.161451198023624176e+00
1.317592898926190026e+00
8.334629644521173164e-01
2.013620171015639282e-01
3.286846848139739485e-01
9.777700135635986056e-01
1.216423144278432789e+00
-1.445143525417054375e+00
1.055728711929674768e+00
8.594990326190543595e-01
8.432680929312834639e-01
-9.515587656070961797e-01
1.494313172031285886e+00
1.243610276263028780e+00
3.373963395284295119e-01
-1.070023297686262254e+00
2.778836884951537023e+00
2.084790592857205596e-02
7.693862555438060191e-01
