
Figur of merit = weighted_fidelity_chi
Problem = wavy lines
Number of qubits = 4
Entanglement = n
Number of layers = 5
Minimization method = L-BFGS-B
Random seed = 30

BEST RESULT


THETA = 
[[[ 5.08945550e-01  6.12669758e-01  8.55409896e-01]
  [ 2.07833951e-01 -1.12798089e-01  4.05829534e-01]
  [ 6.35355917e-01  5.54523134e-01  5.24207125e-01]
  [-5.88550545e-03  4.45135848e-01  8.93992669e-01]
  [ 2.77611741e-01  6.19475986e-01  8.94165283e-01]]

 [[-9.40421672e-02  6.71693191e-01  4.94946614e-01]
  [-9.27815563e-02  9.56565309e-01  7.25388393e-01]
  [ 9.11290657e-01  8.06946404e-01  5.86893193e-02]
  [ 7.83853883e-01  8.24946379e-01  8.42094708e-01]
  [ 6.19003919e-01  1.02370408e+00  1.74352630e-01]]

 [[ 9.88473043e-01  7.66902595e-01  4.38804214e-01]
  [ 1.89402273e-01  2.54009083e-01  9.08131625e-01]
  [ 8.53362132e-01  4.67303217e-01  8.28160876e-01]
  [ 1.48370904e+00 -4.48729689e-01 -2.37929785e-04]
  [ 1.00434088e+00 -3.76886549e-03  4.07465338e-01]]

 [[ 7.12327037e-01  4.08311095e-01  2.39546147e-01]
  [-1.05409118e-01  4.53120149e-01  7.38688005e-01]
  [ 4.74499614e-01  8.23056816e-01  8.28127075e-01]
  [ 1.53194703e-01 -1.17274222e-01  3.52365391e-01]
  [ 7.03893737e-01  3.71140843e-01  2.65684392e-01]]]
ALPHA = 
[[[-0.15332184  0.31070595]
  [ 1.37738772  1.00607336]
  [ 0.31401837  0.91309993]
  [ 0.6183654   0.27599876]
  [ 1.00259902  0.75709846]]

 [[-0.12613746  0.66305892]
  [ 1.01908022  1.37556963]
  [ 0.32072817 -0.50390233]
  [ 0.65945853 -0.15678866]
  [ 2.35825554 -0.50075117]]

 [[ 2.11370188  1.49967782]
  [ 1.64910551  1.08428472]
  [-0.45807963  0.55072348]
  [-1.63385829  0.02047674]
  [-0.91397151  0.56088326]]

 [[ 1.71966347  0.87076646]
  [ 1.93663263 -0.34912296]
  [-0.44375991  0.23629324]
  [-0.49611678  1.30801005]
  [ 0.53938009  0.76853454]]]
WEIGHTS = 
[[-0.76642278  0.57723431  0.59446952  0.77174563]
 [ 0.0751859   0.86944063  0.17473192  0.27215478]
 [-0.41425472  1.01086372  0.08203634  0.60201073]
 [-1.11096249  0.40469486  1.02309045  0.22209293]]
chi**2 = 0.022090269074296044
acc_train = 0.96
acc_test = 0.9265