5.089455496559701642e-01
6.126697577855169108e-01
8.554098961046735505e-01
2.078339509662544826e-01
-1.127980892269658253e-01
4.058295335767840295e-01
6.353559172776975794e-01
5.545231340171842271e-01
5.242071250006149485e-01
-5.885505450948250172e-03
4.451358478490741732e-01
8.939926687874943934e-01
2.776117411666237933e-01
6.194759857446388018e-01
8.941652834699084229e-01
-9.404216719551121428e-02
6.716931908066556822e-01
4.949466142446292127e-01
-9.278155625950053331e-02
9.565653088144255856e-01
7.253883926755856359e-01
9.112906565618988930e-01
8.069464044090659538e-01
5.868931932131526974e-02
7.838538830718890793e-01
8.249463789480678821e-01
8.420947080261743656e-01
6.190039188987638274e-01
1.023704079941410772e+00
1.743526299630522580e-01
9.884730425157433054e-01
7.669025946377624470e-01
4.388042139501028283e-01
1.894022729509798331e-01
2.540090833892788003e-01
9.081316245238296725e-01
8.533621318505356657e-01
4.673032169164330063e-01
8.281608758241125745e-01
1.483709037842375622e+00
-4.487296892864588438e-01
-2.379297852766167412e-04
1.004340883596824163e+00
-3.768865488111453749e-03
4.074653382891246789e-01
7.123270369116244671e-01
4.083110946394504226e-01
2.395461472470606090e-01
-1.054091177158726772e-01
4.531201493515802925e-01
7.386880049043982321e-01
4.744996135703096751e-01
8.230568164005485077e-01
8.281270751981476552e-01
1.531947027651393012e-01
-1.172742216332459952e-01
3.523653910854717131e-01
7.038937372499424194e-01
3.711408431770895633e-01
2.656843920895815558e-01
