-3.816083834245014295e-01
6.099401513534744579e-01
-3.448652802630418068e-01
3.593656975378968499e-02
1.643317476612487615e+00
-4.867921479846523125e-01
1.806230714173133745e+00
7.713577716459428524e-02
1.040324536825891322e+00
3.266482809346406002e-01
-5.037482558166500590e-01
1.800155088621669397e-01
1.726893432550682617e+00
1.723737345593987780e-01
9.324183147079587730e-01
-2.966277968506684792e-01
-8.578455973558136716e-01
-5.694924503077498645e-01
1.837557749140870333e+00
1.639275907679793365e+00
5.360387451694084149e-01
1.533728943249115684e+00
-8.739491634205913684e-01
4.008593199640596294e-02
5.681776042424131479e-01
1.485588316211789994e+00
9.680834116363929986e-01
-2.524526140365303539e-01
-8.370441759233273604e-01
1.063120750750649712e+00
2.192346797560202898e+00
6.823772156346638029e-01
3.272616912354223695e-01
1.426859750992791387e+00
-8.538817714226303313e-01
9.609615966000171206e-01
3.874171805344510666e-01
-3.299769218323230224e-01
-1.111144992021681377e+00
8.368658385714868864e-01
4.702806386028691166e-01
-2.159895173043444583e-01
4.253982016094399188e-01
3.445087919143835498e-01
-5.190454807323831021e-01
-6.068521025611317565e-01
1.691059972682699419e-01
9.086654186962787039e-01
