1.556522463319367722e+00
9.621325972113414782e-01
8.554924829715224721e-01
-2.582377731402362153e-01
8.792742778636520873e-01
7.552528470316109965e-01
-7.214035917353990579e-02
1.446647079637883193e+00
1.516381507499211967e+00
-2.165974356229818099e-01
-8.213256363669890758e-02
1.786062058196890456e+00
1.982987013676733024e-01
1.900976770669523308e+00
3.668221503768928082e-01
-1.355950962056041986e-01
8.648965296016271342e-02
2.058338561378593390e+00
3.060678327806392485e+00
1.668541175083602335e+00
1.401012720841132431e-01
-1.692807662682497050e+00
4.773717749962588242e-01
7.706693139237676959e-01
