-1.989220389521554777e+00
-4.378602100684642062e-02
8.554196458164664563e-01
1.469129678839782960e+00
1.836755687787692715e+00
-2.506177603876581506e-01
2.327167360453467726e+00
5.167275741127735911e-01
2.473759587665677273e+00
-2.220387178751372481e+00
6.614546178683624600e-01
8.562350349729704879e-01
-1.163010241115146837e+00
8.076882336271863361e-01
1.110577024177214600e+00
-9.325094012395358511e-01
-7.583315005678570309e-01
9.651106422681334784e-01
1.046845679249020167e+00
-2.296030048722907391e-01
-7.045817201883913805e-01
-1.177492184487096694e+00
4.773723763595079106e-01
-1.127508389595126337e+00
