1.034412058422618380e-01
4.972565672730449443e-02
7.575678094976454613e-01
1.618902180242783873e+00
1.882494984311259278e+00
-2.194638210875395345e-01
2.000079043159996406e+00
-3.728869635322838438e-01
1.221661598411269561e-01
3.659890544408208601e-01
8.686918037693361905e-01
7.920794588510833290e-01
-1.025755384047928986e+00
1.429576168516226486e+00
-2.262400517192773020e-01
5.643388647118451340e-01
1.169758586907252290e-01
2.044186918242943740e+00
1.220821511380283830e+00
7.646591107319185010e-01
-4.270931808659783058e-01
5.980352261072581221e-01
1.043249730573777567e+00
5.663545550468194190e-01
9.253914723950412702e-01
2.956672895657297406e+00
-1.042645891231664734e+00
-2.465016506144747030e-02
1.205830498638270409e+00
3.129942971232536064e-01
1.246775652373660170e+00
-8.550842566269608799e-03
