1.123513519681295231e-01
8.960930908620687307e-02
8.554110899605333884e-01
7.591789623464221259e-01
3.704898268587606958e-01
-1.172301872056749766e-01
8.979453589800985291e-01
9.317278983657183433e-01
1.007495307736455681e+00
-2.143767710051466269e-01
3.112255239110759963e-01
1.271197049885528729e+00
-1.381045902799451497e-01
5.833339006975527541e-01
9.746135217537712503e-01
-4.482824685762143990e-01
-9.273561516188917608e-02
7.407580503981774367e-01
8.975078483496444770e-01
5.732055840438810002e-01
-3.903882864271490671e-02
2.418793213830885414e-01
8.467781350645203764e-01
-3.246711451430962514e-01
1.509035820234508218e+00
7.712174473169641775e-01
5.125394532787488355e-01
2.224199190730468789e+00
9.895841972230651207e-01
1.206240796705957546e-01
1.325485381904631499e+00
5.633770859483578919e-01
8.593308919083879616e-01
3.308124239349345963e-01
-5.636698259697665858e-02
7.046053147806966566e-01
5.754171023320215905e-01
-1.354845613988120701e-01
6.023441392482967727e-01
9.334474217895036841e-01
-1.609594284442747436e-01
-6.030255780526938558e-01
2.437967238424983973e-01
1.576100313389834084e-01
6.952340022430937294e-01
-7.104653099254844006e-01
-3.403364358359588920e-02
8.130640914631805105e-02
