
Figur of merit = weighted_fidelity_chi
Problem = wavy lines
Number of qubits = 4
Entanglement = y
Number of layers = 4
Minimization method = L-BFGS-B
Random seed = 30

BEST RESULT


THETA = 
[[[ 0.11235135  0.08960931  0.85541109]
  [ 0.75917896  0.37048983 -0.11723019]
  [ 0.89794536  0.9317279   1.00749531]
  [-0.21437677  0.31122552  1.27119705]]

 [[-0.13810459  0.5833339   0.97461352]
  [-0.44828247 -0.09273562  0.74075805]
  [ 0.89750785  0.57320558 -0.03903883]
  [ 0.24187932  0.84677814 -0.32467115]]

 [[ 1.50903582  0.77121745  0.51253945]
  [ 2.22419919  0.9895842   0.12062408]
  [ 1.32548538  0.56337709  0.85933089]
  [ 0.33081242 -0.05636698  0.70460531]]

 [[ 0.5754171  -0.13548456  0.60234414]
  [ 0.93344742 -0.16095943 -0.60302558]
  [ 0.24379672  0.15761003  0.695234  ]
  [-0.71046531 -0.03403364  0.08130641]]]
ALPHA = 
[[[ 0.10344121  0.04972566]
  [ 0.75756781  1.61890218]
  [ 1.88249498 -0.21946382]
  [ 2.00007904 -0.37288696]]

 [[ 0.12216616  0.36598905]
  [ 0.8686918   0.79207946]
  [-1.02575538  1.42957617]
  [-0.22624005  0.56433886]]

 [[ 0.11697586  2.04418692]
  [ 1.22082151  0.76465911]
  [-0.42709318  0.59803523]
  [ 1.04324973  0.56635456]]

 [[ 0.92539147  2.9566729 ]
  [-1.04264589 -0.02465017]
  [ 1.2058305   0.3129943 ]
  [ 1.24677565 -0.00855084]]]
WEIGHTS = 
[[-0.62497356  0.33841526 -1.35584359  2.40301407]
 [ 0.21925394  0.0716993  -0.46438574  1.41173086]
 [-0.02299705  1.5248398  -0.52905545  0.37371545]
 [-1.60592565  1.90871187  0.03078631  0.75713727]]
chi**2 = 0.020083128228300384
acc_train = 0.96
acc_test = 0.9295