8.287546423483828084e-01
-9.053731638240936075e-01
9.189405838045517916e-01
9.273777989659137688e-01
1.318175971837625360e+00
-1.074333327032256369e+00
8.661877661477930257e-01
1.979498016077447353e+00
-2.002214050037286697e+00
-8.827634170767002519e-01
1.068817639934220021e-01
-1.655264923129784460e+00
3.603665377678339499e-01
1.023063686951182633e-01
6.216947471464909780e-01
7.298690377624533765e-01
1.033015471889093123e-01
-8.732531834969022855e-01
7.283308781307925583e-01
-1.021060192672693656e-01
-8.806881330305192934e-01
3.627173425828277842e-01
2.533891379603854244e-01
8.755719436098262642e-01
