-6.046470810787154399e-02
8.319820527963859291e-01
8.554084719817744986e-01
7.015084968429541323e-02
4.459657120139606801e-02
6.251442213368475498e-01
1.032466112658398050e+00
9.401725598205734613e-01
6.815997407294445143e-01
2.158512488904201221e-01
-4.759009743033698614e-01
1.279641821475669738e+00
9.223655772686573107e-01
3.087345563476930344e-01
-2.686905027916305227e-02
-7.187835779727058672e-01
2.802010266615473921e-01
4.661584433677502526e-01
9.611601384693686523e-01
1.441377471019402723e+00
3.289355455698958486e-01
1.334210754959292755e+00
1.027999607254233422e-01
5.434999425777150561e-01
3.093551231179964556e-01
5.306728042560275860e-01
1.379477618729686161e-01
1.289688289978686342e+00
7.306062114126267160e-01
-1.199178643528398813e-01
9.890542879372047347e-01
-6.301651548335036879e-02
6.003520702007764109e-01
2.260937900546897250e+00
-2.394583081196487440e-01
7.821278774192495786e-02
