7.677239577364036727e-01
7.248069237187454439e-01
2.175137952782356887e+00
1.997213014411465037e+00
9.353737948706140545e-03
-6.735086108722942999e-01
1.367998358909839673e+00
-4.291135478004862724e-01
2.180131537003215492e+00
5.917158121940234716e-01
4.692010444572691785e-01
1.080079427289971396e-02
-1.192512140565719747e+00
4.519124310419563029e-02
2.132608493770723701e+00
5.603144638512330689e-01
3.274802061313903501e+00
7.194649468591410857e-01
-2.824585015142408562e+00
2.755965220414055006e-01
-9.086225728297911974e-01
9.159313359213441252e-01
2.000227312817717817e-02
1.815092518160993595e+00
