1.593791830092818884e-01
6.471749744925971992e-01
8.554105709291247583e-01
8.137624731660537680e-01
7.506233782694630985e-02
4.403355276455123146e-01
3.821700019552174976e-01
6.531695766533931469e-01
7.120677933665713333e-01
1.055965511734372919e+00
6.765638690926667476e-01
9.926382181854565001e-01
3.843834527857550865e-01
4.483470620775072968e-01
1.125593189312751319e+00
4.700936066559583959e-01
3.388563612841660744e-01
6.057716164915539769e-01
8.561400472005725737e-01
9.893213680516707020e-01
3.925514091957448826e-01
4.329562979696535696e-01
1.030764749289129201e+00
9.144489898097220293e-02
4.148695950460741244e-01
5.627161629787336139e-01
1.065912698446898510e+00
1.157021779092703317e+00
2.665190568104525703e-01
-8.787770351211497688e-02
2.375086555863932525e-01
6.421099956536150399e-01
4.388040495577168465e-01
6.726095507215730240e-01
9.799537494303763030e-02
7.833391450772192455e-01
3.587669953829501490e-01
6.893169664353421267e-01
6.721469075582500174e-01
9.475250737078331209e-01
2.224786934267258126e-02
2.217759839381617804e-01
4.816813142351576427e-01
3.042625965353136230e-01
8.784428957111480862e-01
3.498286183791944337e-01
1.976756336500891942e-01
2.279592839969555307e-01
-1.905894233079766242e-01
1.396099005749679989e-01
5.280525192569014425e-01
5.624097942590353671e-01
7.249715784265752250e-01
5.146162663654616498e-01
4.877002785914537619e-01
1.421162331710091875e-01
2.542805211129492426e-01
1.043631542786145339e+00
-5.400510913218206088e-01
5.250753749810886939e-01
-6.156842864423595074e-01
4.081653079830675490e-01
3.829053683663523611e-01
1.054701599510805998e+00
6.482394279049754626e-01
8.467504817747960599e-01
6.207600032350764074e-01
9.936800350768597578e-01
5.297734401455942432e-01
2.259555089796652927e-01
2.313191008511243929e-01
1.425671560399256688e+00
2.754844497494356448e-01
8.162973090863722136e-01
2.601751688335915413e-01
7.723797765183193498e-01
8.823362419305235127e-01
5.617948437070767465e-02
6.042794327393713472e-01
2.768683131503524297e-01
8.136350589539347311e-01
4.280284521167227463e-01
8.185844881632899916e-01
1.668581494229582074e-01
8.748620529734162377e-01
1.264688848096565399e-01
4.809941166530135592e-01
5.229045673763482727e-01
3.236442919828418363e-01
5.630835989562628097e-01
6.739229588777632118e-01
3.490702704353438879e-01
8.734245897436349049e-01
-1.764334645381195055e-02
-1.169155831312955612e-01
6.722684016374705362e-02
-4.407842154409247204e-01
5.089494814625011854e-01
7.173704548635860823e-01
4.887604065615732685e-01
2.916759950431828119e-01
4.114413975455872841e-01
4.756435154857117653e-01
2.819436527977275397e-01
4.241430381511854253e-01
8.585703810846990747e-01
2.250447342266943818e-01
8.896535748140074196e-01
-5.407950114808208752e-01
3.589788495059354489e-01
3.507536033765353278e-01
2.001004637178489254e-01
7.246086865971268498e-01
5.438248065009807508e-01
1.009970867051779964e+00
4.881642295472096715e-01
9.302977978573672146e-01
4.959909010478977809e-01
3.956799854256577986e-01
6.741976715322284264e-01
