1.046635377470714001e+00
4.541312892822199632e-01
6.075675782620350018e-01
-1.496869469299539457e+00
-2.519409563133484298e+00
2.797751999137124135e-01
2.157076576484222574e+00
-2.722976310434515046e+00
1.414790629199203620e+00
8.800567861089897415e-01
2.320859086456674714e+00
-3.109589716685609573e-01
3.140143364739720777e+00
-9.923706897065315280e-01
9.175693353056086909e-01
1.941134989060310234e+00
-2.094828776519831681e+00
1.665356703535725513e+00
2.019787534493874132e-02
1.242808695121442181e-01
