6.755366464679641858e-01
-5.812685927624660076e-01
1.211927445748034904e+00
1.433072149281168217e+00
2.591842145178107626e-01
4.308600354430412449e-01
1.768064485134070773e+00
4.093296900715816256e-02
1.617549651746820194e+00
1.250271658413852904e+00
1.939216913343735804e+00
-1.818840329285577317e-01
-1.347143138428972708e+00
1.598438455661518320e+00
5.833365658932683218e-01
1.029826583161278064e+00
1.515008006072998237e+00
6.545579096292347687e-01
9.351703023331470188e-01
9.322720473940319108e-01
7.456804319066803188e-01
5.386190351498926221e-01
6.871102407188753869e-01
8.429559503352861416e-01
1.366324624696925838e+00
1.545571253371568199e+00
-4.045906025219977997e-01
-7.100195381236295011e-01
1.771854094637772548e+00
4.997275291963816923e-01
1.577658562724755020e+00
-2.957934936189047376e-02
