9.789017070909777907e-01
9.144264543919147226e-01
8.554116270553160373e-01
1.979335830063662371e-04
3.762640555533943582e-02
7.075864577486120632e-01
1.461729202971948416e+00
4.526184834087929598e-01
6.746313583666837532e-01
1.388852288748490260e-01
4.278276397449927160e-01
7.920874227537596513e-01
1.036823429575952193e+00
3.012040963066891508e-01
9.746129550407403030e-01
-1.643724830919379987e-01
7.212158249602838023e-01
4.586292855909309685e-01
8.937006900863609937e-01
1.122369702925295032e+00
7.749124679930757820e-01
1.508218826067419860e+00
5.164913400003575683e-01
2.244921569393732996e-01
8.225980226378162286e-01
7.802361340316907867e-01
5.125401524857834401e-01
2.721121661154736193e-01
8.190558100605406233e-01
1.296414254968649704e-01
1.951194395503769718e-01
6.762383480026018523e-01
6.888037678452441082e-01
-4.881056000918332360e-02
6.543351992733114075e-01
8.174667348199663452e-01
6.766931182351923479e-02
8.423954175916429366e-01
6.023435555946309305e-01
1.256203937782589319e+00
3.498647018925359897e-01
3.748534194834813316e-01
3.729887555916173159e-01
4.536398707546295261e-01
1.206058752726432814e+00
-1.960154871009952421e-02
1.112932340556797295e-01
3.773354622032407679e-01
