
Figur of merit = weighted_fidelity_chi
Problem = wavy lines
Number of qubits = 4
Entanglement = n
Number of layers = 4
Minimization method = L-BFGS-B
Random seed = 30

BEST RESULT


THETA = 
[[[ 9.78901707e-01  9.14426454e-01  8.55411627e-01]
  [ 1.97933583e-04  3.76264056e-02  7.07586458e-01]
  [ 1.46172920e+00  4.52618483e-01  6.74631358e-01]
  [ 1.38885229e-01  4.27827640e-01  7.92087423e-01]]

 [[ 1.03682343e+00  3.01204096e-01  9.74612955e-01]
  [-1.64372483e-01  7.21215825e-01  4.58629286e-01]
  [ 8.93700690e-01  1.12236970e+00  7.74912468e-01]
  [ 1.50821883e+00  5.16491340e-01  2.24492157e-01]]

 [[ 8.22598023e-01  7.80236134e-01  5.12540152e-01]
  [ 2.72112166e-01  8.19055810e-01  1.29641425e-01]
  [ 1.95119440e-01  6.76238348e-01  6.88803768e-01]
  [-4.88105600e-02  6.54335199e-01  8.17466735e-01]]

 [[ 6.76693118e-02  8.42395418e-01  6.02343556e-01]
  [ 1.25620394e+00  3.49864702e-01  3.74853419e-01]
  [ 3.72988756e-01  4.53639871e-01  1.20605875e+00]
  [-1.96015487e-02  1.11293234e-01  3.77335462e-01]]]
ALPHA = 
[[[ 0.67553665 -0.58126859]
  [ 1.21192745  1.43307215]
  [ 0.25918421  0.43086004]
  [ 1.76806449  0.04093297]]

 [[ 1.61754965  1.25027166]
  [ 1.93921691 -0.18188403]
  [-1.34714314  1.59843846]
  [ 0.58333657  1.02982658]]

 [[ 1.51500801  0.65455791]
  [ 0.9351703   0.93227205]
  [ 0.74568043  0.53861904]
  [ 0.68711024  0.84295595]]

 [[ 1.36632462  1.54557125]
  [-0.4045906  -0.71001954]
  [ 1.77185409  0.49972753]
  [ 1.57765856 -0.02957935]]]
WEIGHTS = 
[[-1.54170348  0.56445503  0.5742231   1.71526415]
 [ 0.6210075   0.33124756 -0.06718703  0.5207968 ]
 [ 0.09846319  0.35808681 -0.09233155  0.95095114]
 [-0.2265024   0.80615462 -0.63780595  0.60487653]]
chi**2 = 0.02294656480293313
acc_train = 0.955
acc_test = 0.9225