-5.885195088046870637e-01
1.520292309913458262e-01
8.554105855000661007e-01
6.361151369476115702e-01
-2.016071110325156346e-01
-5.480891557676290798e-02
1.652259145243385019e+00
-3.823005804304702715e-01
4.353979516576401143e-01
-9.928773585933416967e-01
2.583166603615409951e-01
-4.283141360081741539e-02
7.110128342264903090e-01
-1.648959388523588143e-01
7.073489066874981690e-01
1.862056338426747670e+00
2.752433398507972417e-01
-7.469005303603734082e-03
1.074665589873155636e+00
1.809694394952978902e+00
3.289353178137894296e-01
1.161048458876111633e+00
-1.944193829007706820e-01
9.118185272837181499e-01
3.672249234190889111e-01
1.094552190274250991e+00
-1.592699918861965325e-01
1.391763990448479538e+00
7.572333187428945678e-01
4.439591362917912898e-01
1.858287469329987340e+00
-5.854980906586574330e-01
6.269794791506125842e-01
-6.402404432099068066e-01
2.819054254849399227e-02
-4.442687494396113657e-01
