
Figur of merit = weighted_fidelity_chi
Problem = non convex
Number of qubits = 4
Entanglement = n
Number of layers = 10
Minimization method = L-BFGS-B
Random seed = 30

BEST RESULT


THETA = 
[[[ 0.08974624  0.54256661  0.85541067]
  [ 0.1520709   0.38489812  0.33572586]
  [ 1.2093517   0.44143793  1.02190296]
  [ 0.6924436   0.54721939  0.78090723]
  [ 1.25453829  0.16672872  0.99624887]
  [ 0.72900813  0.11224907  0.32415326]
  [ 0.49098534  1.09196202  0.16594441]
  [-0.5084659   0.72064513  0.19408534]
  [ 0.53375456  0.88965655  0.75579273]
  [ 1.58070369  0.56905688  0.23906292]]

 [[ 0.28914847  0.83324818  0.43880341]
  [ 0.57892679 -0.05470153  0.97447716]
  [ 1.19351136  0.31815999  0.51945114]
  [ 1.52412814  0.3312573  -0.14938051]
  [ 0.51134106  0.41296401  1.18745231]
  [-0.20212338  0.26805446  0.33666074]
  [-0.83642205  0.13014954  0.5984316 ]
  [-0.15139398  0.49506556  0.50515549]
  [ 0.28291796  0.02554944  0.02437447]
  [ 0.24875902  0.50117561  0.40850893]]

 [[ 0.28655713  0.54932316  0.3829049 ]
  [ 0.78868296  0.49912673  0.98790814]
  [ 0.54685267  0.61324963  0.38066053]
  [ 0.30559725  0.185561    1.04524131]
  [ 0.16899944  1.11029563  0.21441695]
  [-0.51230481  0.91856992  0.35017867]
  [ 1.19287574  0.1326424   0.84986883]
  [ 0.74868827  0.39315275  0.02263264]
  [ 0.38882448  0.12561032  0.05556239]
  [-0.15927988  0.34923323  0.56222523]]

 [[-0.21249289  0.21755065  0.87342469]
  [ 0.41275459 -0.13331246 -0.0642926 ]
  [ 0.49750471  0.43076042  0.70097379]
  [ 0.93314195  0.33328718  0.3332521 ]
  [ 1.33396556  0.5333892   0.46575481]
  [ 0.30933908  0.08999852  1.14109892]
  [-0.21594704 -0.15295219  0.2157078 ]
  [ 0.19058931  0.83320601  0.03189417]
  [ 0.28931498  0.73938552  1.03889516]
  [ 0.30264033  0.80847748  0.92541876]]]
ALPHA = 
[[[ 0.419824    0.59114024]
  [ 0.98808833 -0.17433133]
  [ 0.10277647  0.80474419]
  [-0.14750317  0.61064661]
  [ 1.11317876  0.81052001]
  [ 0.92557072  0.66302849]
  [ 1.38488312  1.08819857]
  [ 0.8441915   0.14055969]
  [ 0.43849677  0.29074841]
  [-0.33808381  0.30890489]]

 [[ 0.50263242  0.95632033]
  [ 0.92579873  0.24185645]
  [ 0.86335672 -0.52848419]
  [ 0.94812002  0.85189913]
  [ 0.958628    0.09882529]
  [ 1.47303046  0.26781525]
  [ 0.96073199  0.90410213]
  [ 0.32970923  0.95003938]
  [ 1.09888709  0.24614935]
  [ 0.70510421  0.88983243]]

 [[ 0.0336442   0.69051236]
  [-0.1045733  -0.06640659]
  [ 0.68767392  0.06525729]
  [ 0.33744095 -0.07082082]
  [ 0.79963303  0.17320385]
  [ 0.22865569  0.64980436]
  [ 0.82284025  0.28400147]
  [ 0.34395079  0.16739044]
  [ 0.04038192  0.87115233]
  [-0.30996758  0.43182757]]

 [[ 1.32038172  0.61732674]
  [ 0.56726594 -0.30817831]
  [ 1.03419287 -0.16788405]
  [ 0.57977633 -0.03167329]
  [-0.19651673  1.334254  ]
  [ 0.21359528  0.35770488]
  [ 1.14401919  0.20979492]
  [ 1.22767611  0.24716749]
  [ 0.89850406  0.67803827]
  [ 0.96573296  0.15935803]]]
WEIGHTS = 
[[ 0.45354938 -1.05275633  0.14907354  1.46804236]
 [ 0.43483943 -1.04320331  0.10951296  1.50054905]]
chi**2 = 0.033261197639391026
acc_train = 0.985
acc_test = 0.9575