5.990150937389097097e-01
-1.794202496819444770e+00
-3.833202327593702996e-02
2.051387202033019275e+00
7.443033589729308730e-01
6.256000615966729184e-01
-4.426607782005696073e-02
-1.160492041789779272e+00
1.009559900298104013e-03
2.463240558793376809e-03
2.830271525347291886e-02
3.228524390750230344e-01
-5.960354004407862893e-01
4.113402262272952692e-01
-1.773339669302191890e+00
7.630824421858747320e-01
1.229361740105380019e+00
3.079504185146701545e+00
5.997351095296767076e-02
-1.561679033822942708e+00
2.286042173422231372e+00
-6.541095053495825651e-01
-7.205603406753109397e-01
3.437089070440384919e+00
3.387169486881207003e+00
1.558431472230777715e+00
1.612954790572013533e-02
1.490845625224155091e+00
7.043602267696490449e-01
2.709365964218719003e-01
2.481662133445764251e+00
2.900367474761410547e-01
