
Figur of merit = weighted_fidelity_chi
Problem = squares
Number of qubits = 4
Entanglement = y
Number of layers = 8
Minimization method = L-BFGS-B
Random seed = 30

BEST RESULT


THETA = 
[[[-0.39246676  0.61770144  0.85540991]
  [-0.09934662 -0.2097901   0.41086129]
  [ 0.97989928  0.50875155  0.42721481]
  [ 0.01150901  0.4589367   0.84822065]
  [-0.25430015  0.18544536  0.90796629]
  [ 0.17832118 -0.0443817   0.34286961]
  [ 0.57079984  1.16377724  0.00931432]
  [ 0.48113073  0.54589293  0.26590075]]

 [[ 0.04519815  1.21877425  0.51253874]
  [ 0.25499764  0.5584896   0.5681807 ]
  [-0.08693916  0.51207578  0.42823723]
  [-0.48783688 -0.0532635   0.65330479]
  [ 0.35645009  0.99104355  0.52088806]
  [ 0.5421218  -0.31722819  0.52350273]
  [ 0.58439222 -0.39219542  0.53896629]
  [ 1.00896577  0.07884583 -0.46849879]]

 [[ 0.16131953 -0.21985868  0.83883374]
  [ 0.57903652  0.78211928  0.15514783]
  [-0.00884137  0.03275598  0.3114279 ]
  [ 1.34033018  0.43404982  0.41571516]
  [-0.67014881  0.53441682  0.31578025]
  [-0.08385647 -0.22649929  0.97300254]
  [ 0.57100483  0.36739393 -0.34496532]
  [ 1.59530694 -0.3408786   0.79938557]]

 [[ 0.82646696  0.3762447   0.04970433]
  [ 0.66383692  0.80313526 -0.3838731 ]
  [ 1.16411023 -0.16473997  0.73443431]
  [ 0.96442827  0.38577754 -0.27475048]
  [-0.52301711  0.35032555  0.04818714]
  [ 0.02390324  0.61336429  0.78694031]
  [ 0.36792627  0.63867522  1.1375552 ]
  [ 1.60611126  0.41199061  0.35683121]]]
ALPHA = 
[[[-0.15097707  0.64017268]
  [ 1.14637328  0.39858417]
  [ 0.27889809  0.52111571]
  [ 0.91012609  0.73507916]
  [ 0.21348494  0.55305201]
  [ 0.69596004  0.25804407]
  [-0.95518652 -0.05190537]
  [-0.72406696  0.60322064]]

 [[ 0.85588638  0.43919616]
  [ 1.09364343  0.4954546 ]
  [ 1.09596303 -0.24590984]
  [ 1.32243148  1.82018394]
  [ 0.54267134  1.06973325]
  [ 0.71749948 -0.13559123]
  [ 0.34667588 -0.0180117 ]
  [ 0.13611805  0.13073462]]

 [[ 0.13508436  0.78415155]
  [ 0.3805497   0.6507331 ]
  [ 0.21512606  0.6939605 ]
  [ 0.71135721  0.03831484]
  [-0.41043591  0.59974054]
  [ 0.61367952  0.18498204]
  [ 0.49759079  0.14762064]
  [ 0.718903    0.69081785]]

 [[ 0.93271518  0.23241236]
  [ 0.64419074  1.22217838]
  [ 0.14438282  0.54231153]
  [ 0.48895258  0.13913371]
  [ 0.6822425   0.15066956]
  [ 0.74955289  0.34653326]
  [ 1.58659555  0.05158965]
  [ 0.26732224  0.91308989]]]
WEIGHTS = 
[[-0.29826055  1.2463574  -0.18484486  0.59100412]
 [-0.43848988  0.80175761 -0.85377292  1.58549506]
 [ 1.25033638 -0.44603737  0.63953497  0.13421303]
 [-0.24210777 -0.32528216  1.61459659  0.46938163]]
chi**2 = 0.014892128741042274
acc_train = 0.98
acc_test = 0.939