2.347935295006830181e+00
2.009771797940827776e-01
8.553932693905154094e-01
6.815147466642582641e-01
4.866715474025113952e-01
-5.838806266248853030e-03
3.095801605247833432e+00
7.391851968536919948e-01
1.123674466113562476e+00
-1.807409367023421198e-01
-8.585799138457378410e-01
1.078626740841799325e+00
2.690507582585736635e-01
1.385082120461217370e+00
-4.095552008711563219e-01
9.914387879031381079e-01
-1.333895890796322758e-01
1.542528231302014774e+00
8.521537783520396481e-01
1.904959971272462416e-01
-7.966705402596958863e-02
1.655281785891626056e-01
4.773630570718331301e-01
-7.073992192819763547e-01
-8.980031294809628362e-01
2.772931631941378594e+00
5.125233270353057868e-01
5.751369751890959003e-01
-1.224065152406353663e-01
2.122311137266513104e+00
7.594036099612380131e-01
5.473801138243798992e-01
-2.526532269849771639e-01
1.585666716158561584e+00
-1.488817905325107993e-01
6.886267197714728283e-01
1.538133522637246953e-01
8.081760407404442459e-01
4.252966364790761733e-01
4.406091184314772091e-01
5.130144076527619612e-01
3.405991236672119005e-01
-1.229378162583760536e+00
2.509322523138530700e-02
1.369240953548786832e+00
-2.711624855731845640e-01
5.084365541518585108e-01
-5.121441665937202792e-02
