2.836249484966280598e-01
3.784128487059708057e+00
-2.040287743208892002e-01
-2.117183052600035698e+00
2.639767019314316343e+00
1.406433094737266909e-01
3.411899413707572548e-01
2.580228764906035810e+00
-1.859239127330120978e+00
6.443415903374916098e-01
-1.640750062541018739e+00
5.127894880164148850e-01
-2.267440771371611596e+00
1.837658754523772142e+00
2.496736474628888924e-01
7.630558151796493771e-01
-3.447976621473036185e-01
5.092617041016265222e-01
2.800282673123588140e+00
3.384212509539214486e-01
2.444164567213022110e+00
1.724078354664869764e-02
1.841136000057675526e+00
-4.628911627955075159e-01
3.667979434292851781e+00
-1.044963268005496992e+00
-3.056248867880237419e-01
3.703864277828616269e-01
3.008496749183118268e+00
-4.692401427732632163e-02
4.672462673591074811e+00
2.900216226199059943e-01
