-2.314006085635994747e+00
8.753828259117525379e-01
8.554128387464046135e-01
1.752918524412748758e+00
1.826653286013631083e+00
6.685612810089345270e-01
1.551110345187424855e+00
9.138116777579455841e-01
2.463680160687853782e+00
8.346534851442416469e-01
4.136909856752621351e-01
1.253287411796426110e+00
-3.264003369983956571e-01
-8.970325682342250584e-02
8.627750583404717455e-01
1.415506554334700962e+00
4.382953543968041710e-01
6.773236957075583209e-02
1.590585165771415399e+00
5.046420002184217601e-01
4.919236887385094459e-01
1.542215680690952384e+00
9.483874824439174622e-01
-3.932495982104521892e-01
1.387326118426267518e+00
-3.301140560723574979e-01
9.835402699524692371e-01
6.853071211984866906e-01
5.690800801194015879e-01
-9.806712947271948311e-01
