-2.226287692262044760e-01
5.931597347153759747e-01
3.921373169928837221e+00
-3.841066129098128640e-03
8.852063066818423032e-01
2.712163674880746722e+00
-1.722237776904914086e-01
1.506369433296992355e-01
2.191277029343672744e+00
3.317650259702498161e+00
1.591190016098212201e+00
2.805743399544607386e-01
1.906026445940091074e+00
-2.568385811741534575e+00
6.267200873481461043e-01
-1.230037625116898875e-01
-4.120996627914180088e+00
-2.432598628827547516e-01
3.586211143308334209e-02
1.243049983714862583e-01
