-2.284785419660096892e-02
5.432956119829721597e-01
8.554074661555146619e-01
1.068484446254825748e+00
-6.767881647880267248e-01
3.364508804894167371e-01
4.407817729531741668e-01
6.868151284974697290e-01
-3.979009503906068279e-02
1.672399677372022664e+00
7.313288414421418304e-01
1.026287048969896754e+00
-5.475074899838521247e-01
5.394734847169767589e-01
9.746067261183983810e-01
-3.161625117171451560e-01
3.160277534360503293e-01
6.969019832587549645e-01
9.772536715012546116e-02
1.196933087153042363e+00
3.697250130385783540e-01
1.209219401251182990e+00
-4.650018909345418061e-01
2.990592201921936644e-01
