-7.487852025071499718e-01
1.206257050777306133e-01
8.553553873069699165e-01
1.214596346145465189e+00
4.596701985706135862e-01
-8.632964267928712465e-02
1.587226019111778630e+00
1.776058607448159632e-01
1.096763144747742169e+00
-1.809277222460072609e+00
1.173127334686241197e+00
5.170419589145848205e-01
-1.595498736830704978e+00
3.374218221998945277e-01
1.622269001934676824e+00
-7.319685947774671186e-01
1.784089178950476386e-03
4.947020010184610683e-01
-2.160461527679524707e+00
2.075806242253551981e-01
5.544607359677043712e-02
2.603718937146475731e+00
-1.399438450282826540e+00
-6.906304866430108547e-01
-3.499770937647923574e-01
1.095541733292232145e+00
-1.364335507926996760e+00
1.601195312672592186e+00
5.690871159084819331e-01
4.449315935678362366e-01
