4.337733697532357435e-02
5.192973454871957273e+00
-1.668884056823560433e-02
-2.650861419022970011e+00
-2.970622850138984056e-02
7.875663369711663364e+00
1.583785440836994463e+00
-1.429691845456248223e-01
1.499353255364841653e+00
8.798153500045277076e-01
2.836707551588485199e+00
1.411486823668838264e-01
1.835482304271593090e+00
1.978549448614414508e-01
1.129833297228225231e+00
2.635330902302125966e-01
5.884691461408798396e+00
-2.320840065684854833e-02
2.545445118059194822e+00
1.242782429336321409e-01
