
Figur of merit = weighted_fidelity_chi
Problem = squares
Number of qubits = 4
Entanglement = n
Number of layers = 6
Minimization method = L-BFGS-B
Random seed = 30

BEST RESULT


THETA = 
[[[ 0.71459934  0.32555908  0.85541091]
  [-0.12744354  0.02082649  0.11871885]
  [ 1.08357077  0.96945081  0.65783198]
  [-0.298421    0.78859926  1.3089196 ]
  [ 0.39372506  0.29617671  1.23762848]
  [-0.19613697  0.87829546  0.45360057]]

 [[ 0.685637    0.96629068  0.32893744]
  [ 0.81779667  0.23703062  0.06841344]
  [ 0.78544135  0.89572088  0.27217927]
  [ 0.97916354  0.2210609   0.24512687]
  [ 0.56255119  0.70780477  0.09080833]
  [ 0.53281634 -0.25583531  0.84903388]]

 [[ 0.43179551  0.33904582  0.60234321]
  [ 1.57511233  0.12509372 -0.12849521]
  [ 0.17324028  0.55871466  0.98128834]
  [ 0.18686243  0.58281831  0.48241058]
  [ 0.30206151  0.12234646  0.91319542]
  [ 1.12709327  0.75684234  0.49735302]]

 [[ 0.42593183  0.32805118  0.20136126]
  [ 0.18260405  0.69239422  0.71101069]
  [-0.02514135  0.75342943  0.5741246 ]
  [ 0.90504145  0.28110261  1.1920149 ]
  [ 1.17590977  0.01038071  0.16263638]
  [ 0.87241636 -0.28505708  0.44237214]]]
ALPHA = 
[[[ 0.77238102  1.54993152]
  [ 0.25118766  0.93660896]
  [ 0.29486267  0.03304072]
  [ 0.10127382 -0.22871477]
  [ 1.02364454  0.69069634]
  [-0.06027651  0.00910229]]

 [[-0.99572307  0.06201604]
  [-1.24569317  0.51150038]
  [-0.28672849  0.98955592]
  [ 1.88643644  0.24404012]
  [ 1.8607538   0.34630991]
  [-0.98928626  0.26107596]]

 [[ 0.22706821  0.7711616 ]
  [ 1.35743214  0.40577489]
  [-0.27244318  0.56476054]
  [ 1.20103864  0.06696251]
  [-0.00795433  0.04400881]
  [-0.46600603  0.44969849]]

 [[-0.59935552  0.42365501]
  [ 0.18489336  0.68234571]
  [ 0.54716547  0.75493386]
  [ 0.50154359  1.62590299]
  [ 0.4376402   0.59551176]
  [ 1.09943582  1.26994169]]]
WEIGHTS = 
[[-0.14598399 -0.00626152  0.76201075  0.6142188 ]
 [-0.12566572  1.08484781  0.05646845  0.5130385 ]
 [ 0.59927523 -0.13950528  0.81778707 -0.23038761]
 [ 1.07089638  0.39745791 -0.00373227 -0.04816266]]
chi**2 = 0.01984122531976628
acc_train = 0.98
acc_test = 0.93925