7.145993439737864383e-01
3.255590833616591184e-01
8.554109066163436692e-01
-1.274435415852515630e-01
2.082649302139916517e-02
1.187188512656177503e-01
1.083570768203309997e+00
9.694508138287366572e-01
6.578319816289446287e-01
-2.984209999824096182e-01
7.885992586137842153e-01
1.308919597309458505e+00
3.937250574877884657e-01
2.961767088988638275e-01
1.237628482041910560e+00
-1.961369685108262928e-01
8.782954592416156725e-01
4.536005729234472983e-01
6.856369994082069930e-01
9.662906806708572161e-01
3.289374446570160204e-01
8.177966667070036832e-01
2.370306156098855310e-01
6.841344182387176787e-02
7.854413544866138963e-01
8.957208796105035065e-01
2.721792677749519940e-01
9.791635405085151733e-01
2.210608988065798086e-01
2.451268712881064793e-01
5.625511906437309362e-01
7.078047704096034343e-01
9.080832814509866291e-02
5.328163429242928073e-01
-2.558353101503492155e-01
8.490338816660734089e-01
4.317955128770727402e-01
3.390458231675774203e-01
6.023432117523661589e-01
1.575112327163359804e+00
1.250937195213209785e-01
-1.284952059812933534e-01
1.732402799676134308e-01
5.587146602522994332e-01
9.812883396524223478e-01
1.868624348962556747e-01
5.828183090365028907e-01
4.824105810261793970e-01
3.020615076469234106e-01
1.223464623725156186e-01
9.131954193577466183e-01
1.127093268300309425e+00
7.568423355953333154e-01
4.973530197622207383e-01
4.259318290625184189e-01
3.280511799590584698e-01
2.013612641817803250e-01
1.826040477171134158e-01
6.923942223148803476e-01
7.110106941480768272e-01
-2.514134811907663830e-02
7.534294313979624791e-01
5.741246025460285951e-01
9.050414508876009068e-01
2.811026138227924465e-01
1.192014898062519146e+00
1.175909774214984882e+00
1.038070906962421450e-02
1.626363752141885277e-01
8.724163556969917188e-01
-2.850570789459074827e-01
4.423721378528894799e-01
