7.723810176041452369e-01
1.549931516598879178e+00
2.511876557267339050e-01
9.366089617970145831e-01
2.948626714595203313e-01
3.304072126419516781e-02
1.012738237397256824e-01
-2.287147717028778504e-01
1.023644536351080436e+00
6.906963359020262816e-01
-6.027651393599551405e-02
9.102289777934551365e-03
-9.957230656366236055e-01
6.201604442999907041e-02
-1.245693174674739501e+00
5.115003771413476619e-01
-2.867284919764822582e-01
9.895559234154371886e-01
1.886436438262961701e+00
2.440401239705162484e-01
1.860753801329911639e+00
3.463099117324889287e-01
-9.892862579745449469e-01
2.610759647186765564e-01
2.270682132304865097e-01
7.711615967793747917e-01
1.357432137489266388e+00
4.057748901874421721e-01
-2.724431768255733410e-01
5.647605368282664351e-01
1.201038643874465350e+00
6.696250557597901998e-02
-7.954333698725904456e-03
4.400881248441223387e-02
-4.660060297846798094e-01
4.496984855230112266e-01
-5.993555155111474075e-01
4.236550121213252251e-01
1.848933562989705515e-01
6.823457135571857624e-01
5.471654655541513534e-01
7.549338564520067241e-01
5.015435914037011944e-01
1.625902989447291169e+00
4.376401968215013483e-01
5.955117622881582751e-01
1.099435821331977259e+00
1.269941685966550216e+00
