1.552095135516808000e+00
-6.519203467905259064e-01
8.554144511751849977e-01
9.814939299565818009e-01
-5.350374202707742777e-01
-8.587209892852376569e-01
6.130743423920869128e-01
8.837732372050758345e-01
1.019341025433075504e-01
-2.822286322285732396e+00
-3.646820146162239873e-02
1.223284385309890920e+00
-4.033789517509567824e-01
1.623640168742087331e-01
4.125500944642255807e-01
2.229999146418450096e+00
8.209828728300229139e-01
3.197773764672251495e-01
1.023702435726183912e+00
1.469025102023123475e-01
8.747494521374835630e-01
-1.861994130532043101e-01
7.172289015959939507e-01
-7.509951045053707697e-01
5.010476981865341455e-03
5.677120736564403858e-01
7.523358700811806354e-01
1.162699412967643564e+00
5.690524218793969746e-01
-8.289757191877601683e-02
