-1.114485795834802451e+00
8.258327300582773978e-01
8.554093906407511660e-01
4.321637070786436552e-01
-1.023618766861185136e-01
6.189919966501938875e-01
1.374964104506867679e+00
1.201415288202591025e+00
5.346421503014539001e-01
9.331929348447348671e-01
1.186284282574596727e+00
1.540886192139099498e+00
2.280736175571738578e+00
8.673540025402198816e-01
1.635312769732442106e+00
-2.284112841055904175e-01
4.345659458434373845e-01
4.949449975854722794e-01
7.047665859880717365e-01
1.148776039525671866e+00
4.882629811076739657e-01
7.956955095990970728e-01
6.699498109322123973e-01
2.508979746462957072e-01
1.130188483479663164e+00
7.189011157832181365e-01
7.050985151224162806e-01
1.154697183542654715e+00
1.142083299693641862e+00
6.830709631720570385e-02
