7.273446325651924393e-01
1.018549068290832249e+00
-5.934873642747288125e-01
5.826370055121468106e-01
-7.794483621117820338e-01
8.787173674575250448e-01
2.145136239515582632e-02
1.113449606887042087e+00
1.364903747692901348e+00
2.966416531177351157e+00
-1.458983552904393299e+00
1.106475108312860167e-01
5.101385484349110211e-01
1.904091267939950427e+00
5.380387919158964583e-02
-2.467882702888073709e-01
1.616568794876673820e+00
-4.655461561597482034e-01
-4.720071666025319468e-01
-9.418390436724454196e-01
