-4.847708077386450598e-02
2.266719943721186237e+00
4.724036266288336727e-01
2.055825989798269582e+00
5.487621429049359678e-01
1.155525397744953331e+00
1.290267659723969951e+00
1.027200143440351932e+00
3.825616988366002391e-01
3.188683422767997211e-01
5.125392352293054420e-03
3.541248327526450579e-01
6.588274606566790759e-01
1.664830789984763415e+00
1.211528066599095954e+00
1.795341431836481871e-01
1.526857367842547886e+00
6.836950968071922041e-01
1.031483315042226456e+00
-4.991927575650234594e-01
5.014834310259392858e-01
1.187432260650449489e+00
1.220138120839780321e-02
1.131138594916184514e+00
-8.936844853755183671e-01
3.715061731402472534e-01
8.832237722006960889e-02
-3.045904708876122080e-01
1.058586775331912033e+00
-1.414314061661943733e-01
2.960474216427159688e-01
-2.735853632112229539e-01
1.301541458643797666e+00
3.959744329473016689e-01
2.856498329242064885e-02
-3.140954180928640649e-01
8.866557873931653067e-01
-6.877798651568081123e-01
1.396334575116598142e-01
-6.255980211275726788e-01
