1.359057258944842195e+00
-1.948176303004679200e-01
1.912366046353025650e+00
1.889093129071091726e+00
1.337061769209853646e+00
4.327324255049785906e-01
-1.263265941518613600e+00
5.757609065615595378e-01
1.529067455030484357e+00
9.561174014106991192e-01
2.212445774794460363e+00
7.274587999637156521e-01
-2.053331076549976597e+00
-7.002365329939489458e-01
6.611265664738416037e-01
5.671608010339564965e-01
5.888197210500630829e-01
1.674370229180387692e+00
7.624017643633000940e-01
6.293818512770031903e-01
-3.120754858990897884e-01
5.796449169459434447e-01
-3.927706135588177050e-01
3.209697147318168464e-01
-9.116621624960528913e-02
1.414806519274840690e+00
2.985135392416849442e-01
-2.196126234122193141e-02
9.127659569068535816e-01
-2.573408526163283305e-01
1.413775543195010975e+00
-1.533276136839805404e-01
