4.466478441423262224e-01
-2.066403910527918331e-01
8.554108023814172013e-01
-1.183162623515052331e-01
6.285904757650605523e-01
-4.134798530979405529e-01
6.911251952632345708e-01
1.499670425547794173e+00
1.265595366601554472e+00
-4.516434379721735032e-02
1.054643619389164649e-01
1.839139901832837154e+00
9.820620437260109137e-01
-4.099791060387127928e-01
5.544931752923250023e-01
-3.048331734747285471e-01
5.106047153318127307e-01
-2.525553512827043989e-01
3.682469865500397899e-01
8.942704018030686042e-01
5.642999760725617708e-01
-1.121823912873842755e+00
2.249733088976341999e-01
-3.606249012124098340e-03
5.541648729663072315e-01
9.406444185836408955e-01
5.125385739449921374e-01
1.124158208470007914e+00
2.269821913416561476e-01
2.900503874161155515e-01
5.053816921764978654e-01
2.792935869847783525e-01
9.672893442305162404e-02
8.668653588903707519e-01
-6.141974527757428776e-02
4.205220926525123915e-01
8.342819284412724690e-01
2.008204565439412059e-01
5.127320395436866241e-01
1.376475000583810671e+00
-2.745442186422073494e-01
-2.667195662632568243e-01
9.518720265551768867e-01
9.457458137986493041e-01
5.816505922329024969e-01
-1.159292553272144206e-02
-2.309314931263865556e-01
8.694422608273002506e-01
