2.364226463677248924e-01
9.776478682917805196e-01
8.554108061991424483e-01
1.600877567229712639e-01
1.621726828309169866e-01
7.708079682520394549e-01
7.456330725776872947e-01
6.641805770139320719e-01
7.991780492180663442e-01
-3.053905647601861117e-01
7.625676789057919125e-01
1.003649757741912119e+00
-4.327677554510277885e-02
4.805012064976200148e-01
1.211597287430111969e+00
8.646233304397778815e-04
4.087940867329071248e-01
6.379255790519825497e-01
5.665808413500180718e-01
1.108954712047102831e+00
4.624908654960406817e-01
3.166355703740966754e-01
4.773908014329343863e-01
2.110771195935119693e-01
2.657026107613399968e-01
1.084027658462157540e+00
5.125385173565513153e-01
4.633916195101966951e-01
5.739226935124085438e-01
4.334342088787746516e-01
1.338493803839276020e-01
5.834989385705613429e-01
4.436698097482566494e-01
2.807804738752836538e-01
-3.433642774437620226e-02
7.247271267259854932e-01
4.633317011565074584e-01
3.793484625967696311e-01
5.398154731570591336e-01
1.205724971197299711e+00
-9.781988555985945966e-02
-8.819104541657980800e-02
7.784308069239487260e-01
4.221484130809405322e-01
7.583755909384257698e-01
6.999188101339035017e-02
5.084568303291859825e-01
3.458446190807034637e-01
1.264429120734231526e+00
-3.278119208322989864e-01
8.388344963314985359e-01
1.068404639789064525e+00
4.767073903436865046e-02
4.719465513342105401e-02
9.513016616751172883e-02
9.849255151179966972e-02
-4.230191532510874097e-01
2.510795440500057651e-01
6.441732170956737669e-01
4.814516874942947333e-01
4.705060626047102845e-01
7.804523915870643647e-01
5.259030321504164496e-01
7.146663184690357218e-01
8.912601303390564889e-01
1.219038282519067540e+00
7.789900215280287643e-02
2.096454868452007902e-01
7.727932946760722732e-01
1.002756324761100215e+00
2.084873334065715997e-02
6.416382427902576069e-01
6.023642198765765121e-01
9.640875137723707855e-01
4.970479424975911970e-02
2.292013056371179358e-01
1.117134698298208439e+00
2.039710576272422415e-01
1.277049825207545508e+00
-2.945263749113651297e-01
1.048432397166008112e+00
6.746148903224898907e-01
5.446527394507676423e-01
-4.045362607032388369e-01
6.815573359545132881e-01
4.588293003321527452e-01
2.070632038192804780e-01
2.084489773136177782e-01
6.662208878300412973e-01
8.954430215931978854e-01
3.274829918744809887e-01
1.428722836127997997e-01
1.190413002539439269e+00
8.082677541313572078e-01
8.391905707100863476e-02
-1.389711338537905905e-01
