-7.640683405487203039e-01
3.318145343412329806e-01
6.708650161991417393e-01
2.430666282654541932e-01
3.830419392577303350e-01
2.504294741445561301e-01
7.675886960363454969e-01
5.205837337266542297e-01
3.531019584209527662e-01
2.689732902729887187e-01
2.144783874085814668e-01
8.399675059688745948e-01
-2.156674162688401453e-01
-1.771138317986231669e-01
-6.582167384802997123e-01
4.798454233906169764e-01
9.839880124124290584e-01
-4.262786261117123554e-01
9.702996366870404454e-01
-3.115645079313895949e-03
7.458841112505627535e-01
-3.786555984491575266e-01
8.052283783663995997e-01
4.213261171988031406e-01
4.595231976697630172e-01
1.037932052910238712e-01
9.514448758790167160e-01
-3.904488668067625512e-01
5.139429046408168222e-01
4.358976054298299152e-01
2.953110018092715630e-02
5.449803990154802324e-01
6.344637206304180044e-01
6.498784426567402184e-01
6.479665074594210816e-01
8.285359367378128947e-01
1.227502676981468532e+00
7.125176447161498672e-01
4.627145004362141489e-01
1.723088050188801429e-02
-9.516658579488002090e-02
7.203697454179021076e-01
-2.974687943372817944e-01
5.079729372702020962e-01
5.264134088938393630e-01
1.056770988036695780e+00
1.292526205781369120e+00
5.821836174204972902e-01
1.651480175385013904e+00
9.852105712256811199e-01
7.253611127019740090e-01
1.761171704225109602e+00
2.607948392557485340e-01
1.521568090199110435e+00
8.699510420507934327e-01
9.231378334328319557e-01
2.505958796865183358e-02
1.435655722798281353e+00
-1.284614347404011703e+00
1.463293893328962758e+00
3.703834089478310054e-01
3.851417367180517970e-01
2.092243732003550016e-01
8.898325994820990292e-01
