
Figur of merit = fidelity_chi
Problem = squares
Number of qubits = 2
Entanglement = y
Number of layers = 10
Minimization method = L-BFGS-B
Random seed = 30

BEST RESULT


THETA = 
[[[ 6.57692158e-01  4.95193022e-01  8.55410498e-01]
  [ 1.74301069e+00 -5.01380121e-01  2.88353470e-01]
  [ 1.59185508e+00  4.44642239e-01  1.35623221e-01]
  [-8.19458775e-01  1.54396208e+00  7.84128354e-01]
  [ 5.76002749e-01  4.85216605e-01  1.99300460e+00]
  [ 7.15683742e-01 -2.19196628e-01  6.42628851e-01]
  [ 8.55626102e-01  9.86286206e-01 -1.65509418e-01]
  [ 9.02018733e-01 -3.51787597e-02  8.84163957e-02]
  [-2.61992340e-02  1.58347017e+00 -3.61875534e-05]
  [ 7.28745371e-03  5.69059175e-01  9.32878700e-01]]

 [[ 9.84490674e-01  3.41718107e-01  4.38795648e-01]
  [-2.60946201e-02  4.94927841e-01  4.82953314e-01]
  [ 2.26174746e-01  3.72387295e-01  1.06907162e+00]
  [ 9.30724985e-01  2.52867063e-01 -9.51463855e-02]
  [ 6.52744118e-01  4.57151603e-02  1.10905428e+00]
  [ 1.74471318e-01  1.04398574e+00 -3.05952494e-02]
  [ 8.04306957e-02 -5.11796839e-01  1.37435158e+00]
  [ 1.56008989e+00  6.45795218e-01 -1.36807378e-01]
  [ 2.09051338e-01  4.31738745e-01  1.75114744e-01]
  [ 1.76892869e+00  5.01181915e-01  8.14699476e-01]]]
ALPHA = 
[[[ 0.8205448   1.82451436]
  [ 1.3650032   0.18672344]
  [ 0.62348991  1.50944878]
  [ 1.365239    0.90915432]
  [ 0.6972581   0.43687062]
  [-1.2499276   1.23567614]
  [ 1.86823236  1.38273909]
  [ 1.29086887  1.28688093]
  [ 1.09112196  1.39349942]
  [ 1.5376333   0.29002342]]

 [[ 1.42816552 -0.44196976]
  [ 1.45513391  0.60754613]
  [-0.77287473  1.76610527]
  [ 0.68680134  1.0557933 ]
  [ 1.51132282  0.72596078]
  [-1.53166192 -0.73426708]
  [ 1.34270335  1.17426206]
  [ 0.82310855  0.82208616]
  [ 0.786102    0.58191508]
  [ 1.49732825  0.40879615]]]
chi**2 = -0.933159264743353
acc_train = 0.975
acc_test = 0.92825