8.205447966187597864e-01
1.824514360388696854e+00
1.365003201783306697e+00
1.867234448328228824e-01
6.234899097611851237e-01
1.509448775606230475e+00
1.365239000657277435e+00
9.091543204914884768e-01
6.972580996163505462e-01
4.368706164125377156e-01
-1.249927599175559179e+00
1.235676144501627327e+00
1.868232355375293974e+00
1.382739092322363028e+00
1.290868870403516944e+00
1.286880932546027534e+00
1.091121963305854647e+00
1.393499415656523688e+00
1.537633304984643123e+00
2.900234184377097901e-01
1.428165524696165534e+00
-4.419697566472104988e-01
1.455133909140017501e+00
6.075461271187585499e-01
-7.728747284317448729e-01
1.766105270886120904e+00
6.868013436177136111e-01
1.055793300740434315e+00
1.511322817717074329e+00
7.259607783850924312e-01
-1.531661919300017383e+00
-7.342670780548270493e-01
1.342703351538463652e+00
1.174262063428239022e+00
8.231085496826420211e-01
8.220861626120363752e-01
7.861019954302074231e-01
5.819150831793394874e-01
1.497328249539086942e+00
4.087961465447241260e-01
