6.576921578620106290e-01
4.951930218661323990e-01
8.554104976853075248e-01
1.743010694710590114e+00
-5.013801206224104412e-01
2.883534695550490357e-01
1.591855082924676701e+00
4.446422389257453367e-01
1.356232209720364401e-01
-8.194587745430522707e-01
1.543962078601865517e+00
7.841283544456012500e-01
5.760027485434459082e-01
4.852166051950347891e-01
1.993004596270607554e+00
7.156837424429862704e-01
-2.191966282645622932e-01
6.426288505647427263e-01
8.556261017432359450e-01
9.862862056789979404e-01
-1.655094176462727218e-01
9.020187331467816039e-01
-3.517875968112226664e-02
8.841639565343985263e-02
-2.619923401401431928e-02
1.583470166002206359e+00
-3.618755336176442128e-05
7.287453708406919223e-03
5.690591748828158769e-01
9.328787004363243707e-01
9.844906739092520453e-01
3.417181070447612434e-01
4.387956476059144961e-01
-2.609462005111953808e-02
4.949278413657756670e-01
4.829533139104544293e-01
2.261747462410737264e-01
3.723872947712701387e-01
1.069071622244925468e+00
9.307249845000513666e-01
2.528670625885146017e-01
-9.514638551187157289e-02
6.527441182261231045e-01
4.571516026327424043e-02
1.109054279592295522e+00
1.744713176607324834e-01
1.043985741875259832e+00
-3.059524937657782939e-02
8.043069568267299796e-02
-5.117968385164504141e-01
1.374351579296145598e+00
1.560089890819900127e+00
6.457952176594582427e-01
-1.368073784185566411e-01
2.090513377197098788e-01
4.317387453146144805e-01
1.751147440162820201e-01
1.768928691694547695e+00
5.011819150088889785e-01
8.146994763492778624e-01
