
Figur of merit = weighted_fidelity_chi
Problem = sphere
Number of qubits = 4
Entanglement = y
Number of layers = 10
Minimization method = L-BFGS-B
Random seed = 30

BEST RESULT


THETA = 
[[[ 1.00181976  0.41798407  0.09298056]
  [ 0.52269491  0.69033333  0.83053353]
  [ 1.02676187  0.58620898  0.892817  ]
  [-0.17160575  0.85215042  0.67333139]
  [ 0.92307823  0.28795713  1.27388158]
  [ 1.4919868   0.80577919  0.7013476 ]
  [ 1.41286021  0.54086431  0.38180901]
  [ 0.41427117  0.44884782  0.59217803]
  [ 0.63121718  0.89884501  0.98804302]
  [ 0.85573795  0.50000119  1.07496475]]

 [[-0.0995101   1.159861    0.07681657]
  [ 0.61341598  0.32342262  1.10809541]
  [ 0.6583612   0.48329295  0.83822848]
  [-0.26925384  0.22183991  0.56873345]
  [ 1.05215957  0.60758311  0.66528188]
  [ 0.22232269  0.02024857  0.5988793 ]
  [ 0.72019908  0.68730578 -0.03062157]
  [ 0.32691614  0.74124461 -0.07843421]
  [ 2.03380802  1.45801898  0.57127818]
  [ 0.23647449  0.64971751  1.27626115]]

 [[ 0.43423944  0.13386033  0.42705677]
  [ 0.76780919  0.91942428  0.11116519]
  [ 0.02106686  0.22725681  1.02160079]
  [ 0.67824411  0.73433287  0.2224656 ]
  [ 1.55149617  0.12775363 -0.1213933 ]
  [ 0.80755652  0.17632957  0.17214268]
  [-0.13211346  0.39655647  0.94669503]
  [ 0.32202008  0.5303254   0.68293692]
  [ 0.60545723  0.95510426  0.21549119]
  [ 0.77038847  0.60510642  0.71895063]]

 [[ 0.49509295  0.22001651  0.06716437]
  [-0.14688896  0.98459958  0.54174893]
  [ 1.37949491 -0.47718742  1.35941825]
  [ 1.17478204  0.58099754  0.37535847]
  [ 0.43043532  0.4926618   0.72600187]
  [ 0.24059145  0.57041841  0.9053167 ]
  [ 0.46757148  0.50067687  0.51907585]
  [ 0.91433168  0.23129144  0.32528489]
  [ 1.55515089 -0.01739193  0.02901202]
  [ 1.08868479  0.1905878   0.90134918]]]
ALPHA = 
[[[-0.1712779   1.303887    0.74211581]
  [ 0.60336514  1.10470412  1.20218745]
  [ 1.42190713  1.46183743  1.05312471]
  [ 0.7395158   0.58033712  0.35100508]
  [ 0.45342464  0.0104597   0.33909177]
  [ 0.47970887 -0.18642204 -0.04780631]
  [ 0.57835712  0.15228585  0.77812911]
  [ 0.58310373  1.30451043  0.55897738]
  [ 0.2549331   0.41393012  1.16253483]
  [ 0.84595511  0.49920814 -0.01727941]]

 [[-0.37905039  0.59442118  0.39611848]
  [-0.06965658  0.94825826  0.5136826 ]
  [ 0.17604599  1.2598797   0.45674285]
  [ 0.44919696  0.4774871   0.69077549]
  [-0.16717895 -0.0450085   1.20649316]
  [ 0.20231058  0.1082182   0.46053315]
  [ 0.59175035  0.55731123  0.34204752]
  [-0.02968837 -0.02611473  1.3796189 ]
  [ 0.30440765  0.47960487  1.13296088]
  [ 0.35231396  0.88989978  0.35214226]]

 [[-0.55487745  0.10648814  0.82175742]
  [-0.18627121  0.39393795  1.12347832]
  [ 0.47197801  0.71839515  0.15111616]
  [ 0.36574535  1.08098548 -0.39814546]
  [ 0.44003387  0.75294783 -0.18236   ]
  [ 0.76299184  0.3471722   0.57677802]
  [-0.58448328  0.63123614  0.62370134]
  [ 0.69379844  0.27864112  0.84688854]
  [ 0.79431629  0.06964715  0.43679806]
  [-0.01713464  0.61335142 -0.40411138]]

 [[ 1.47783696  0.63070907  0.71912542]
  [ 0.5519767  -0.02794696  0.79002793]
  [ 0.87269357 -0.29250743  0.02353875]
  [ 0.23679976 -0.53827591  0.74530706]
  [ 0.98001244  0.00363573  1.80438024]
  [ 0.41562627  0.30234576  0.61515545]
  [ 1.46113655  0.0622488   0.09808735]
  [ 0.34498151  0.41496426 -0.4508497 ]
  [ 1.29818315  1.52701382  0.53787809]
  [-0.31305874  0.54242721  0.31251112]]]
WEIGHTS = 
[[ 1.1835486  -0.49464056 -1.63553586  2.33204616]
 [ 1.01582066 -0.68911794 -1.8574124   2.19400624]]
chi**2 = 0.0427837267493192
acc_train = 0.988
acc_test = 0.91775