
Figur of merit = fidelity_chi
Problem = sphere
Number of qubits = 2
Entanglement = y
Number of layers = 8
Minimization method = L-BFGS-B
Random seed = 30

BEST RESULT


THETA = 
[[[ 1.54516032 -0.20387838  0.09297534]
  [ 1.39294501 -0.08976847  0.20870046]
  [ 1.42434748  1.43407325  0.11269368]
  [-0.06645989 -0.94788252  1.52118921]
  [ 1.0007689   0.59503646 -0.52616869]
  [ 1.32108446  0.97354496  1.00839152]
  [ 1.59238853  0.73068705  0.54956055]
  [ 0.47550668  0.37970504  0.78201563]]

 [[ 0.00311287  0.70221494  0.91888469]
  [-0.02884106  0.41167066  0.87831141]
  [ 1.07829993  0.78258911 -0.01151127]
  [ 1.56513036 -0.21945875  0.73082885]
  [-1.65752612  0.69468481  0.29533064]
  [ 1.95958391  0.52359681  0.78012953]
  [ 1.15328874  0.87639905  0.96703234]
  [ 0.26916302  0.25334465  0.86770051]]]
ALPHA = 
[[[ 0.81151801  2.56019073  0.20245884]
  [ 0.90087346  1.40740377 -0.88128386]
  [ 1.31812097 -0.12574426  1.44588136]
  [ 0.51684962  1.11293762  1.3892385 ]
  [ 0.39913598 -0.26968519  1.22891549]
  [-0.46592125 -0.0247912  -1.38400814]
  [-0.18266613  0.12741518 -0.00937146]
  [-0.86364339  0.96971319 -0.94303814]]

 [[-0.04343775  0.7723331   0.11399736]
  [-0.08663328  0.20942672  0.9939573 ]
  [ 1.12595384 -0.23323736  2.22799963]
  [ 0.04660614 -0.01719729  0.09072251]
  [-0.05566909  0.94958997 -0.0531989 ]
  [ 1.93093568  0.98546081 -0.82757491]
  [ 1.45210319 -0.09919441 -0.95430125]
  [ 0.40400833  0.60293861 -0.23680085]]]
chi**2 = -0.8536601324168458
acc_train = 0.892
acc_test = 0.8965