1.545160317009624196e+00
-2.038783787350808563e-01
9.297533631849556890e-02
1.392945007384241540e+00
-8.976846591209798609e-02
2.087004582674388264e-01
1.424347476329800743e+00
1.434073251612172140e+00
1.126936846632227845e-01
-6.645989473054986219e-02
-9.478825228847070905e-01
1.521189213837295551e+00
1.000768899656311106e+00
5.950364609537218685e-01
-5.261686940846941329e-01
1.321084459012041634e+00
9.735449563875516743e-01
1.008391515472079725e+00
1.592388534069730577e+00
7.306870533302038950e-01
5.495605486255630279e-01
4.755066766950825641e-01
3.797050437464150607e-01
7.820156258768938828e-01
3.112871178395620886e-03
7.022149447181955662e-01
9.188846902516605297e-01
-2.884105887423077386e-02
4.116706584924993417e-01
8.783114141903259897e-01
1.078299931108779752e+00
7.825891101002537820e-01
-1.151127102740919297e-02
1.565130362130725983e+00
-2.194587527502585289e-01
7.308288496862549444e-01
-1.657526116974220143e+00
6.946848104182901107e-01
2.953306395995652922e-01
1.959583912627079982e+00
5.235968139725759585e-01
7.801295298067463246e-01
1.153288736671148396e+00
8.763990507820500486e-01
9.670323394344160217e-01
2.691630244918224446e-01
2.533446467612754383e-01
8.677005053255786304e-01
