8.115180064966400764e-01
2.560190728899982560e+00
2.024588377245720161e-01
9.008734630892132333e-01
1.407403767321494081e+00
-8.812838599623168401e-01
1.318120968102087343e+00
-1.257442577291429109e-01
1.445881356151594188e+00
5.168496168563091464e-01
1.112937621724183090e+00
1.389238501720226449e+00
3.991359814412603901e-01
-2.696851908296758471e-01
1.228915490217900031e+00
-4.659212547629666412e-01
-2.479119656687868087e-02
-1.384008136709045766e+00
-1.826661260636730233e-01
1.274151835968884428e-01
-9.371464740280738975e-03
-8.636433881724938644e-01
9.697131924349394749e-01
-9.430381402017122827e-01
-4.343775024926491146e-02
7.723331002837806603e-01
1.139973620633948775e-01
-8.663327978872770174e-02
2.094267226093455558e-01
9.939573002179810102e-01
1.125953841153807700e+00
-2.332373555181536662e-01
2.227999631835368533e+00
4.660614395821521122e-02
-1.719729110529599064e-02
9.072251154840929588e-02
-5.566909416708108044e-02
9.495899674146645042e-01
-5.319889572346513107e-02
1.930935682763275540e+00
9.854608093249876966e-01
-8.275749086687701483e-01
1.452103187833295950e+00
-9.919441360010156084e-02
-9.543012512232180722e-01
4.040083254174128280e-01
6.029386074652706151e-01
-2.368008507912310601e-01
