-8.604678622631466156e-02
1.511497001990290689e-01
3.827587598975541017e+00
2.438832347225744268e+00
-1.016701828867833945e-01
-5.050740951943934576e+00
8.235111439321808335e-01
6.370208810732796989e-02
3.096547831205778589e+00
-6.326982543331786946e-02
-7.125896481055968845e-01
2.395110709634016843e-01
1.994980124284963852e+00
1.280863799651485335e+00
-2.082363176281688821e-01
-1.261536563085021712e+00
1.816227004103101450e+00
3.410460732560260944e-01
5.994084867075867296e-01
-5.187590079939752297e-01
-3.079767875486849604e-01
2.215172683745701698e-01
1.244736111647289700e+00
4.958135996938354273e-01
