-7.298113733238570378e-01
5.964254244689385365e-01
8.554101526486960205e-01
1.725211031165680531e+00
-4.203096550180949742e-01
3.895861806555211415e-01
-1.676178619429278260e-01
7.504507504001123319e-01
7.480751224147517142e-01
1.563747859057537312e-02
-1.818191326629536198e+00
1.089922432342560699e+00
1.210656060415045976e-01
2.142943513691290547e-01
9.746123987361700047e-01
7.579069366084985049e-01
1.655155907281119942e+00
3.717181726229580319e-01
2.419401559389823542e-01
4.499016138515750662e-01
3.289360324664096225e-01
1.417108430093000804e+00
6.521698962574201675e-01
-4.479734898801997489e-01
