-1.818434417286354909e+00
1.741473826117643897e+00
8.554135538647669179e-01
-3.453809897649959382e+00
3.747171850535929161e-01
1.534636656359055884e+00
3.419107453051545953e+00
-4.401078564378794189e-01
1.011719925874442483e+00
-5.678309262787295530e-01
5.255823233662417771e-01
-1.006411663380351595e-01
-2.011981955730877125e-01
4.873997355538380316e-01
9.746116496228032222e-01
-5.044936889481558273e-01
-5.579241118490906315e-01
6.448246054858080001e-01
2.895052126175124557e-02
1.638135757293437633e+00
-5.042320710542813611e-01
-1.754496157179095572e+00
4.773898194992897692e-01
7.402610677254889415e-01
