-1.031055557283478558e-01
3.172425849850715185e-01
7.474414946973149121e-01
-9.620171988188157275e-02
3.854178000879956902e-03
2.134062026845919280e-01
4.330472356791317812e-01
3.594677570358346119e-01
2.759123157968689788e-01
4.717167812882205533e-03
5.988301643762889981e-01
4.570581269866516028e-01
4.894699608044821848e-01
-4.128574225452840141e-01
4.615930116135227856e-01
4.798456492947246743e-01
9.187826467218594972e-01
4.963635006575406461e-02
1.410394924643985526e+00
2.977288547344438818e-01
1.480679903638650430e+00
-3.204004780854616818e-01
1.099300527040266484e+00
8.086409149641510252e-01
6.015672160100254962e-01
6.832945887809949159e-01
9.483613203971696937e-01
2.796218449464972222e-01
6.414263264261571562e-01
7.853584766739581946e-01
8.552421490758814748e-01
5.449806977479931813e-01
5.935708070222787125e-01
1.026166836992928655e+00
-4.523564217261019094e-01
4.935976366243414737e-01
3.091710778340754362e-01
4.171052875070123678e-01
1.873645164408697661e-01
-8.808040823291864857e-03
7.255614273581538765e-01
8.111931632007373105e-01
2.391117988310058340e-02
1.464156218612963356e-01
6.434679821900811669e-01
5.130586469246382064e-01
5.015803536120896355e-01
5.821841236716621681e-01
4.348903447380759735e-01
8.885770025220719459e-01
6.539713325971321378e-01
6.542902832923327416e-01
6.008436354751757191e-01
-1.220603185501180965e+00
4.196360393808791778e-01
-1.069465994945927034e-01
2.623398581898623849e-01
1.154425781185535849e+00
6.572246335876855694e-01
7.791727118391389428e-01
1.409010316442839583e+00
5.762728407587620894e-02
8.948147115650368910e-01
8.898320837825266505e-01
