-2.645032367347054603e+00
1.898907761457732324e+00
8.553842852272964814e-01
-1.074025238693562256e+00
-1.079499445862142082e+00
1.692065381530650781e+00
-1.023315710684435276e+00
8.397386190490315760e-01
-4.425067089216676575e-01
-2.544411144907517741e+00
4.329634302209437458e-01
1.179150055144881692e+00
1.959035961241210044e-01
2.617678820140184603e-01
8.820106503657458852e-01
5.502833985138214784e-02
2.752629853644317781e-01
4.192106289940144004e-01
-1.049424116977464960e+00
1.416765487380799549e+00
3.289079176333575272e-01
8.057567210381528788e-01
4.669928814448674470e-01
5.189339890892206153e-01
-1.094264662304317959e+00
7.601632447576107676e-01
5.021172797884596584e-01
1.578204208042432555e+00
1.493010824375402557e+00
1.096010200707772803e-01
1.753699565761990042e+00
3.413338162533151032e-01
1.362767269430342543e+00
-1.533894000867618290e+00
2.818675813172687519e-02
4.825843071781196203e-01
