4.950701376412169341e-01
4.553891298102474838e-01
8.553998413451907590e-01
1.626859727622045781e+00
7.115841858421216859e-01
2.485708549801590450e-01
3.072845486414577110e+00
-2.348521893634116786e-01
1.348660776621389612e+00
-1.885322985545779817e+00
4.657437526726236898e-01
1.047664540372077319e-01
7.268744822098861524e-01
-5.269095328657752431e-01
9.148024832502502646e-01
-2.141395897059534814e+00
1.422588076854624850e+00
-3.694211961723909976e-01
-7.796145566736232269e-01
6.705111946342853235e-01
1.476240585422962992e+00
-1.293501256206135208e+00
5.751515958048100119e-01
-2.273287739731207069e-01
