-2.596427439381497893e-01
3.583020745448897149e+00
-1.196107934211866342e+00
1.896321569566625564e+00
1.657581710515051432e+00
-3.195620964153110588e+00
4.840646621310394693e+00
1.321517979298920897e+00
2.385104389594288499e+00
1.808503283609439904e+00
-1.253201854239255564e+00
1.508479687696189675e+00
-2.940805163250888477e+00
2.603275974876163801e+00
-2.350748491403182872e-01
7.630570380372830863e-01
-4.563409866914245328e-01
1.319796781640207195e+00
2.829136049343628390e+00
1.264589730464439343e+00
1.395869559442028507e+00
1.407763047572232029e+00
-1.080943381864849506e+00
1.904583173713984001e+00
1.599463217949780969e+00
4.041285093698695347e-02
-1.392969498472884426e+00
1.112881431186274250e+00
1.022400799951004968e+00
1.922188419980952467e+00
-1.355058803904583442e+00
2.900020283195821058e-01
