8.072027282041176477e-01
4.847591377852026873e-01
8.554682435805450735e-01
-1.861118971392654586e+00
2.120149557905674165e+00
2.780156408136039148e-01
1.337936318203761354e+00
-1.692859152889362451e-01
2.757143978970284959e+00
4.074911048336278263e-01
4.600719897450696316e-01
1.702434571707677757e-01
7.832208864477999688e-01
7.505567276691733625e-01
9.091303230244103251e-01
1.261986957456407099e+00
8.424912451476656017e-01
9.080259730818560637e-01
8.588650060567042110e-02
1.578904092559761274e+00
8.961548085579473799e-01
1.421264550421497352e+00
4.773737004876256185e-01
6.810642513581218749e-01
1.521099733040696123e+00
1.894171906922978765e+00
5.125544018588490403e-01
-7.572028972049199558e-01
4.456103653066115222e-02
1.243530813692860448e+00
1.586422933315837780e-01
1.481632202803010445e+00
-8.572360056230940439e-02
8.388168393799140254e-01
-2.431358697099290367e-01
1.622894991269843823e+00
-1.382412935021386291e+00
3.542524804205122169e-01
3.309784096542409682e-01
1.597342850738267872e+00
1.098098535848181845e+00
-1.132928508035725701e-01
-9.612955590449359100e-01
8.383232296358275604e-02
1.954309880583625425e+00
4.316612056586560442e+00
5.084275369370552244e-01
7.566907900810052739e-03
