2.851315639121680646e-05
4.034939573587650319e-01
8.554105043778504891e-01
2.707696723394545867e-04
-2.411821051976394958e-01
1.966616180411636106e-01
1.570973620990920860e+00
6.156679678810057510e-01
3.958368238971147202e-01
1.089153843659980136e+00
-2.245696624587290025e-01
9.551232785974297368e-01
1.570875821789444737e+00
3.375188136660000060e-01
2.244657062521079049e-01
9.567456285567995655e-01
9.175307472379118368e-01
4.949376889877962760e-01
3.997550959716641983e-01
8.752074703414123302e-01
9.712162374790563879e-01
5.769903436072950642e-01
2.330565325896476539e-02
-2.267407531273130800e-02
1.570902313833832942e+00
1.110717228588780081e+00
5.844549797432851274e-02
1.570590861039063535e+00
5.690516623537197338e-01
4.601363656278038561e-01
