-2.784605845602547213e-05
9.310408018896499938e-01
7.681195770769651265e-02
4.344704887153108883e-05
-4.514878039496515028e-05
1.110974333903655298e+00
-3.232167063459204237e-02
1.342495029172822768e-04
8.396147767502360458e-05
-4.118535629222669359e-01
-1.708690361279313012e-04
1.135329112738480578e-04
-3.490162806120057122e-05
6.611020047604228012e-01
-4.140211937378899198e-05
-3.583933689514263055e+00
-1.206674123507073260e+00
6.523843988506727865e-01
2.572395306418505889e+00
7.420482441732504375e-01
1.533528993847518007e-01
-9.135812672846606113e-05
1.775013328476843899e+00
7.517761807317030476e-02
-5.266602251023340120e-01
2.304427902218100788e-01
-4.124940896628382925e-01
2.712946275921744113e-05
6.497184078960057674e-01
-5.953865653117899198e-02
