1.284155123349168370e+00
-1.193661193634361073e+00
2.024736324380102259e-01
1.204354531317713528e+00
1.805107777841302497e+00
-2.055616280635277793e+00
1.005510536187278481e+00
1.495832841960148096e+00
-1.437893190454649250e+00
3.230554911741905677e+00
3.294388602888578821e-01
9.500089975623400296e-01
1.899875425277997909e+00
-1.524716787069481105e+00
3.035051305547765144e-01
5.496172952758369146e-01
1.525687762537718539e+00
-1.245853772695176831e+00
-1.283656116788769230e+00
-1.378368616965301774e+00
-5.776091557258493658e-01
1.906392931572322924e+00
9.697241884430486403e-01
-1.893707731461905075e+00
1.408444570708602406e+00
1.251305561772857011e+00
1.139826438531541530e-01
1.098705817059056233e+00
-1.016033877818187658e+00
-9.614993680617395233e-01
2.452774592237348728e+00
-1.523639391919780373e+00
2.112181723821839885e+00
-9.900480629273747946e-01
1.418737930519640145e+00
-1.603643543178026598e-01
2.377967210771232409e+00
1.330329161171833752e+00
-4.430396158074964008e-01
1.836555404169465389e+00
2.322680856133237715e+00
-9.577934966156386176e-01
1.256342862395480653e+00
1.436018595293464983e+00
1.105615576765254682e+00
1.823862058078751680e+00
6.029453446651041881e-01
1.338600099027751789e+00
