1.524737256776844019e+00
3.142692003069014195e-01
8.554131102339774806e-01
-8.389772520149924029e-01
8.404353416213928840e-01
1.074282634437489919e-01
1.243879677711649423e+00
2.251308287950717635e-01
1.477440786119007532e+00
3.753934173695079590e-02
7.240297221753676515e-01
5.645983535138593412e-01
1.512128782528031401e+00
3.375229255319771582e-01
1.173057305225290170e+00
7.094939202581689308e-01
-1.371387451854610140e-01
4.949477869596222712e-01
-1.917397989502287181e-01
1.964982204494779561e+00
-8.344201263650843914e-02
1.918242369582918994e-01
4.647993648800624600e-01
1.067107989748899533e+00
1.333506080875855870e+00
1.211036045379535464e+00
4.999486945229661417e-01
2.567168205413899312e-02
5.690576580560527953e-01
5.604426289016749552e-01
-3.003208466281786504e-01
6.013613077325941081e-01
4.388053690737138135e-01
-1.748405265644189799e-01
-3.076687500927242219e-02
7.425890919359349196e-01
-3.955462655552037243e-01
8.385856065544360360e-01
5.433841269552781572e-01
2.123999131329025403e+00
3.454540865193549137e-02
3.710394780085784494e-01
1.037669903047891307e+00
3.158506204457321442e-01
8.907395758756219140e-01
9.880898010467641379e-01
1.241767817155432052e+00
2.395447786874877472e-01
1.793949764188389917e+00
1.784953756438455511e-02
1.572146016826555748e+00
-1.207413569146408072e+00
6.050695244790562644e-01
3.928554569812637287e-01
1.632119803827469573e+00
-1.585947282973594608e-01
1.343843460414508584e-01
-6.638224936978482926e-01
5.011760503656826904e-01
2.243633572632816875e-01
