
Figur of merit = fidelity_chi
Problem = wavy lines
Number of qubits = 2
Entanglement = y
Number of layers = 10
Minimization method = L-BFGS-B
Random seed = 30

BEST RESULT


THETA = 
[[[-0.48586209 -0.37984842  0.85539831]
  [-0.04514846  0.48696309 -0.5866857 ]
  [ 1.2167673   0.68614968  1.12397344]
  [ 0.02046643  0.9379266   1.02561936]
  [ 1.21193022  0.2888557   1.38694163]
  [-0.47072931 -0.27001854  0.44626542]
  [ 0.65512505  1.63618871 -0.21631586]
  [ 0.41794996  0.41414844  0.73830651]
  [ 0.14022271  0.61934815  0.44932662]
  [ 0.81760496  0.56905437 -0.03122511]]

 [[ 0.67053112  0.45158358  0.43879127]
  [ 1.07291705  0.08499056  0.59278679]
  [ 0.11275246 -0.15129651  0.65912697]
  [ 0.80672125  0.29604562 -0.61882596]
  [ 1.71638022 -0.1439299   1.15224038]
  [ 0.21830116  0.53076752 -0.22024133]
  [-0.42367997  0.48636217  0.86114367]
  [-0.78566805  1.56709424  0.86137519]
  [-0.40949378 -1.36981015  1.09640273]
  [ 0.49706408  0.50115729 -0.98685213]]]
ALPHA = 
[[[ 1.46364144  0.3987851 ]
  [ 0.78054562  0.28349705]
  [-0.59768951  2.19967023]
  [ 0.53248404  0.02981268]
  [-0.3897288   0.33492157]
  [ 1.17395999  0.11394574]
  [ 0.94033513  2.04956971]
  [ 1.03626163 -0.63213725]
  [ 1.45552751  0.03869771]
  [-1.01422995  0.29001392]]

 [[ 2.03526245  0.57724896]
  [ 1.57207161 -0.99907423]
  [-1.58304377 -0.22370102]
  [-2.26560037 -0.54356748]
  [ 0.53555915  1.24035707]
  [ 2.22820198  1.03930173]
  [ 3.74185774  0.86464402]
  [ 1.64099447 -0.3492634 ]
  [-0.05818339 -0.14717058]
  [ 0.57648116  0.40878185]]]
chi**2 = -0.9279279450360229
acc_train = 0.965
acc_test = 0.9285