-1.573215095084778747e+00
9.113950760705102905e-01
8.553436853699962761e-01
-1.871190302322514043e+00
1.007142439589032712e+00
7.042424083481695352e-01
2.933166573980038550e+00
1.167233556168709940e+00
1.644060130570617950e+00
-8.159517109103908705e-01
5.256429366683027515e-01
1.506791997231665015e+00
-1.304715215789130855e+00
-8.231054406304058046e-01
9.746695287949774800e-01
7.870591697519940810e-01
-7.423307896786338622e-01
-6.655493418695485053e-01
-1.347962601735105626e+00
1.210200103602928401e+00
-6.890354919061922878e-01
1.595835411053909025e+00
4.771084624908765170e-01
3.123940410497481057e-01
