
Figur of merit = weighted_fidelity_chi
Problem = non convex
Number of qubits = 2
Entanglement = n
Number of layers = 10
Minimization method = L-BFGS-B
Random seed = 30

BEST RESULT


THETA = 
[[[ 0.26503459  0.61632889  0.85541019]
  [ 0.51620987  0.2719756   0.40948752]
  [ 1.16793459  0.61491967  0.9089794 ]
  [-1.36467174  1.01953497  0.95438715]
  [ 0.73283805  0.27817955  1.4685646 ]
  [ 0.49154794 -0.09120966  0.43560407]
  [ 1.61371958  1.22167159 -0.03751269]
  [ 0.94886864  0.21257545  0.3237944 ]
  [ 1.22838014  1.0716472   0.24772625]
  [ 1.04559327  0.56905764  0.42105324]]

 [[ 0.14269587  0.95094696  0.43880484]
  [-0.06945152  0.30053241  1.09217785]
  [-0.05015984  0.84199417  0.87468472]
  [ 0.95956936 -0.35748276  0.37445204]
  [ 0.78207767  0.09900765  0.49871288]
  [ 0.14775475  0.79631645  0.0227045 ]
  [-0.26756868  0.45029263  1.12669435]
  [ 0.32914682  1.17553016  0.82529886]
  [ 0.23994242  0.21471003  0.7048373 ]
  [ 1.35297723  0.50117626  0.5976674 ]]]
ALPHA = 
[[[-1.26080302  0.76842859]
  [-0.24276003  0.25486115]
  [ 0.34780922  0.2630935 ]
  [ 0.3677703   0.32352292]
  [ 0.74182495  0.74750705]
  [ 1.02532934  1.33916568]
  [-0.01222174  0.48802314]
  [-1.72242866 -1.22700033]
  [ 2.96014908 -0.31320054]
  [ 1.28511287  0.29002685]]

 [[ 0.6176403   0.65238332]
  [-0.37852744  0.49179856]
  [-0.32651405  0.72276558]
  [ 0.21399724  0.33289393]
  [ 0.59850436  0.5815346 ]
  [ 0.87659657  0.42954093]
  [ 0.12806951  0.65801776]
  [-0.42780944  0.61418366]
  [ 0.54970129  1.0644662 ]
  [ 0.77194169  0.40878371]]]
WEIGHTS = 
[[ 2.33266676 -1.32269029]
 [ 2.30368125 -1.31696521]]
chi**2 = 0.03369335453328894
acc_train = 0.99
acc_test = 0.95725