5.335852677707820790e-01
9.668332913575753418e-01
8.554117370596983072e-01
-8.554287755598172227e-01
1.026978302313134472e+00
7.599909442406564963e-01
4.666799150831292264e-01
-8.003522477224426224e-01
1.663984803351050257e+00
7.363427569791645977e-02
9.256279806094928897e-02
-4.608807227873985557e-01
1.461699248890502012e-01
8.183969376291978515e-01
5.415904007134585418e-01
2.338541126757954114e+00
2.472678240747397393e-01
4.949480483152992605e-01
-3.376875112578213156e-01
1.090706743859013894e+00
3.009645867915300976e-01
-6.017485546135672991e-02
1.329576658450669191e+00
1.928335324071829560e-01
2.001222818009247284e+00
5.062080889034670239e-01
1.364722623006438651e+00
1.852316893436527279e+00
1.242450048884526037e+00
-1.443825989407117316e-01
