-2.470201185345569372e-01
8.847183734576580250e-01
2.504581171411058849e-01
1.035186689846720576e+00
6.803329351236698797e-01
3.952706412541779346e-01
-1.166814093202423797e+00
1.155161073248303749e+00
1.596551497558940103e+00
-6.952250835586446520e-01
-1.894450990704994453e+00
-7.905350047590463669e-01
2.118309332581485016e+00
4.053484171485377541e-01
1.601010951441897312e+00
-9.698633606098583382e-02
-9.850041412732294388e-01
1.216471474331126457e+00
-1.020293881502031680e-01
1.038412331292905666e+00
