-3.524939253803682782e-01
1.053542905084469794e+00
2.591306863787559145e+00
1.011344991221056366e+00
-1.419354901828786097e+00
-2.161933303326397215e+00
2.664751899242790323e+00
9.180371575431393039e-01
2.902523960940000425e+00
9.799465120062885726e-01
-1.160013785625454874e+00
-5.619936412749122479e-01
5.748900081579066956e-01
-8.510286302224802091e-01
4.548356394890353371e+00
-1.674512050786788109e+00
-1.046453054897723112e+00
-7.971627012962532177e-01
1.437285826849710846e+00
1.243076413278719206e-01
