5.821100984159879310e-01
2.967453622838175931e-01
8.554094875970692513e-01
4.636986128289870557e-01
4.520520432587309401e-01
8.990588408941159460e-02
1.629480328877370710e+00
9.492153822082298742e-01
1.089056564666928573e+00
-2.170326972288760814e-01
7.420927242334034446e-01
1.288685089451395704e+00
1.556316930331209658e+00
1.287808534768881241e+00
1.191121691155516027e+00
6.917791214835659064e-01
-2.442156360132204801e-02
4.949464224604587237e-01
-2.818806227623563698e-01
1.314678077276334456e+00
2.927332544268591852e-02
2.472369324696763182e-01
1.120035234208202501e+00
4.168020195846650067e-01
8.849534250038256777e-01
1.330384421404865680e+00
1.155182876297367933e+00
2.320028974231542751e+00
9.053431185257140301e-01
6.797901827858940926e-01
4.781088103915135390e-01
6.336834825152999340e-01
4.388030984048346683e-01
3.554908314868189256e-01
2.557536298139115316e-01
7.749123106654796089e-01
6.992555125406105798e-01
1.180867407499809757e-01
8.299059585665677918e-01
5.452514409669501072e-01
-1.050560108861125080e-01
-3.494538529125041371e-01
4.178476375020557798e-01
9.732346399463819020e-02
7.511396168306139209e-01
-2.450078286432680330e-01
2.537235052198179575e-01
2.395453240961646912e-01
9.375684730754951790e-02
3.709720861561128374e-02
5.841003032177638499e-01
1.137686446491762871e+00
2.371841886493569751e-01
4.121041782638634188e-01
1.857513926827074058e-01
5.521183701589053028e-01
-2.335056183206669078e-01
8.779235674082515040e-01
2.900133815403130866e-01
9.350767434137504663e-01
