
Figur of merit = weighted_fidelity_chi
Problem = squares
Number of qubits = 4
Entanglement = y
Number of layers = 5
Minimization method = L-BFGS-B
Random seed = 30

BEST RESULT


THETA = 
[[[ 0.5821101   0.29674536  0.85540949]
  [ 0.46369861  0.45205204  0.08990588]
  [ 1.62948033  0.94921538  1.08905656]
  [-0.2170327   0.74209272  1.28868509]
  [ 1.55631693  1.28780853  1.19112169]]

 [[ 0.69177912 -0.02442156  0.49494642]
  [-0.28188062  1.31467808  0.02927333]
  [ 0.24723693  1.12003523  0.41680202]
  [ 0.88495343  1.33038442  1.15518288]
  [ 2.32002897  0.90534312  0.67979018]]

 [[ 0.47810881  0.63368348  0.4388031 ]
  [ 0.35549083  0.25575363  0.77491231]
  [ 0.69925551  0.11808674  0.82990596]
  [ 0.54525144 -0.10505601 -0.34945385]
  [ 0.41784764  0.09732346  0.75113962]]

 [[-0.24500783  0.25372351  0.23954532]
  [ 0.09375685  0.03709721  0.5841003 ]
  [ 1.13768645  0.23718419  0.41210418]
  [ 0.18575139  0.55211837 -0.23350562]
  [ 0.87792357  0.29001338  0.93507674]]]
ALPHA = 
[[[-0.04847708  2.26671994]
  [ 0.47240363  2.05582599]
  [ 0.54876214  1.1555254 ]
  [ 1.29026766  1.02720014]
  [ 0.3825617   0.31886834]]

 [[ 0.00512539  0.35412483]
  [ 0.65882746  1.66483079]
  [ 1.21152807  0.17953414]
  [ 1.52685737  0.6836951 ]
  [ 1.03148332 -0.49919276]]

 [[ 0.50148343  1.18743226]
  [ 0.01220138  1.13113859]
  [-0.89368449  0.37150617]
  [ 0.08832238 -0.30459047]
  [ 1.05858678 -0.14143141]]

 [[ 0.29604742 -0.27358536]
  [ 1.30154146  0.39597443]
  [ 0.02856498 -0.31409542]
  [ 0.88665579 -0.68777987]
  [ 0.13963346 -0.62559802]]]
WEIGHTS = 
[[ 1.09771552 -0.19447839 -0.61478455  0.71855924]
 [ 1.14706201  0.78083309 -0.63947643 -0.16610989]
 [-0.02612146  1.95524338 -0.08866476  0.11089401]
 [-0.48825793  0.77555921 -1.13165362  1.45738478]]
chi**2 = 0.016990104428059417
acc_train = 0.985
acc_test = 0.9425