
Figur of merit = weighted_fidelity_chi
Problem = crown
Number of qubits = 2
Entanglement = y
Number of layers = 10
Minimization method = L-BFGS-B
Random seed = 30

BEST RESULT


THETA = 
[[[ 0.8460225  -0.11909723  0.85541098]
  [ 1.42569157 -0.02572461 -0.32593833]
  [-0.96187969  0.60993743  0.61128072]
  [-0.73416647  0.62896548  0.9494068 ]
  [-0.26989523  0.88158748  1.077995  ]
  [-0.44031086  1.3108854   1.03901277]
  [-0.10979969  0.58813898  1.36458007]
  [-0.09200835 -0.14736772 -0.30973644]
  [ 1.1869592   0.85520756 -0.11221958]
  [ 1.26779786  0.56905632  0.20461347]]

 [[ 0.45151648  0.50466232  0.4388038 ]
  [ 0.65810386 -0.12994857  0.64589206]
  [ 0.07192936  0.0871643   0.44420364]
  [ 1.38902943  0.08768128 -0.38037717]
  [-0.17770847  0.877053    0.94387612]
  [-0.10319615  1.10427942  0.80074982]
  [ 0.57086545 -0.40653531  1.43465598]
  [-0.05147236  1.03173285 -0.03152875]
  [-0.92401146  0.09483168  0.56104236]
  [ 0.53864588  0.50117563  0.47779149]]]
ALPHA = 
[[[-0.51694602  0.67705039]
  [ 0.00409193  0.73457003]
  [ 0.99791778  1.41803266]
  [-0.09410304  0.01490742]
  [ 1.70591066  0.61940997]
  [-0.10726316  0.65427044]
  [ 0.9319019   0.97274004]
  [ 1.60260068  0.60387256]
  [ 0.25050643  0.24510838]
  [ 1.89952654  0.29002432]]

 [[ 0.99551063  0.03523891]
  [ 1.36371697  0.75532462]
  [ 0.50603736  1.27871912]
  [-0.07371899  0.06237516]
  [ 0.25403111  1.21201588]
  [ 0.97762881  0.80003219]
  [ 0.15098629  0.48875267]
  [-1.11530103  0.40827453]
  [ 0.30459513  0.29164754]
  [ 1.15664385  0.40878245]]]
WEIGHTS = 
[[ 2.42358934 -1.41226079]
 [ 2.42451    -1.42972594]]
chi**2 = 0.0330806162892485
acc_train = 0.99
acc_test = 0.92775