1.624287473660210646e+00
-1.874432501554765262e-01
9.292356397878354102e-02
8.935777482854035947e-01
-1.287699422307534702e-01
2.251198578666020189e-01
1.639972242914695677e+00
4.932730712912131860e-02
7.363822605743119976e-02
-6.811164034636164599e-01
1.312924242054993140e+00
1.364284303213483263e-01
9.862173290275548787e-01
3.307778108394499594e-01
1.734658066936568321e+00
1.819393096620395278e+00
1.928300875134535131e-01
7.441294803282840764e-01
-1.474055113636348890e-01
3.590969135041467003e-02
-2.311574396693796274e-01
-2.033901832460004444e-01
-3.307446031733378700e-01
8.722439378990591574e-02
1.534221291651381547e+00
1.440341375506075661e+00
2.084327981656184103e-01
3.532769483733609883e-01
4.999879974540030192e-01
1.616468419533834799e+00
