7.866162296680138111e-01
-2.506187616435116006e-01
7.679158358383984806e-02
1.114126654399140381e+00
3.830517331495015276e-01
1.452550983265037177e+00
8.071414010272964790e-01
-2.424788431923926346e+00
2.217761048131292156e+00
-9.643262996813009025e-01
3.155418152453313585e+00
2.297100931466586005e+00
1.048843217698637753e+00
6.610980780490203212e-01
-6.788116311325766983e-01
8.597435833023623353e-01
1.351668192965450044e-01
6.524077770673863963e-01
1.454998720046507543e+00
-3.467107125212977259e+00
1.624169853370816874e+00
-1.423478751125198727e+00
3.370670523276233066e+00
1.810539272498518759e+00
-4.154376128350082409e-01
3.223066550994871271e+00
-9.483548677828405049e-01
1.671903957176119615e-01
6.497448452574632327e-01
1.931144543108241463e+00
