1.116193273580840861e+00
2.418503891549526191e-02
8.554216784489837577e-01
4.697970126225163301e-01
1.110738667170804161e-01
-1.826593215927680980e-01
1.598182412441830458e+00
1.404693871994085796e+00
7.480865753896772663e-01
-5.108524166784397108e-02
5.255820276984546346e-01
1.744164437404940315e+00
1.355823926190732331e+00
5.635494230914205316e-01
9.746243238475249537e-01
1.590760906317130741e-01
2.752477611385540368e-01
7.209732506540098562e-01
1.547477590461695973e+00
1.381424365783674890e+00
3.289450958931731672e-01
-5.968439479259233238e-01
4.773944037323264999e-01
4.835520929154856207e-01
