1.360018835784001234e-01
1.365095387267823313e+00
8.102789352876398343e-01
2.528462487132570047e-01
1.906631570489419891e+00
-1.039329348630111394e+00
1.377177621757457837e+00
2.050647587137706118e+00
1.085009305065046226e+00
3.896984431512933722e-01
-7.225408343207945575e-03
2.555866480837455934e-01
-9.747860003002005724e-01
2.498015470076606626e+00
1.399302005522259140e+00
3.966922806638290000e-01
-1.127573127003354436e+00
1.316554322208197784e-02
6.791633929911649048e-01
-1.984800291949297413e-01
-9.705381120547225404e-02
3.641357775831118859e-01
1.985304048593015264e-02
3.420471708045020875e-01
