1.031921013681164068e+00
4.134717391054359426e-01
8.554098272194783359e-01
-1.027048480671474695e-02
-8.547667510076900621e-01
2.066317096036212886e-01
1.689699135005824360e+00
-9.297669857499570034e-02
-2.177611385221539519e-01
-5.586890825895201029e-01
6.206429715140618919e-01
7.836734249993140278e-01
1.152023155482907901e+00
-6.467144862405668770e-02
1.069672848182097846e+00
1.203231723389785790e+00
-4.785676493215493266e-01
9.275264067548660840e-02
1.229404840381740804e+00
1.496264919861353571e+00
3.289353903553424718e-01
3.958144676391410766e-01
9.521008428826802650e-01
5.983880568744521788e-01
1.602012515921151348e+00
2.259679521924955026e+00
9.872474597642170169e-01
6.038625957725526350e-01
6.256934007296224287e-01
2.920396155315382880e-01
-8.216946205149555649e-01
7.081439192735331511e-01
4.954410390050341673e-01
-6.859323767883757084e-02
-5.972649222296877967e-03
8.493743930274215703e-01
