-2.292397331725176679e-02
7.408508584085673476e-01
4.342603959494220067e-01
3.937713157733729208e+00
1.408200329756925884e+00
5.586238295406383836e-01
-8.145892915126823342e-01
-6.904723988559441361e-01
-8.826562880358822527e-01
1.845812538366075506e+00
2.024587332053462418e+00
-4.751387989755798125e-02
6.006776267335736108e-01
6.865161491336670974e-01
-2.327715936088098125e+00
-4.451569254073788340e-01
9.033043234635179664e-01
1.427074365044310955e+00
1.239425451918198862e+00
-1.771150977389561065e+00
-7.979172957312907766e-01
8.495393109377163965e-01
8.253793715113189045e-01
1.984564727529071870e+00
4.014750590966484345e-01
1.490361073016550186e+00
3.282508982349588988e-01
-1.591624103983940941e+00
1.218710913022729159e+00
-1.478050783063628693e+00
1.573237440300159884e+00
-4.898366252938885501e-01
