-2.813135979273473364e-01
1.158184388513811891e+00
8.554117404698614591e-01
-1.775077808223492759e-01
-3.056908562293543241e-01
9.513443917193376009e-01
1.149823923458174857e+00
1.466136494061819895e-01
3.313133446131107385e-01
1.196089020299287764e+00
8.066539634432501327e-01
4.860841607050107038e-01
1.219381304957097178e+00
1.338684527244885292e+00
1.255684981039668857e+00
6.991974501180113488e-02
2.759810119111952287e-01
1.496109691164669186e+00
5.154324567676796809e-01
2.878106477063898105e-01
3.296757657605988712e-01
4.412397559855152362e-01
-5.564416944821784505e-02
-6.100643325485746171e-01
1.129931944000244881e+00
1.302705458165807517e+00
5.125392504403064597e-01
2.741023607653592986e+00
8.103306063444782881e-01
6.521136069235405897e-01
9.315874474099112845e-01
1.005527463463383064e+00
6.800786902878954709e-01
7.279746927522340316e-01
1.209199285889079739e-01
1.146755029971134876e+00
-6.905236870159856544e-01
4.807023485829266529e-01
6.950718461774444412e-01
1.221866571971762294e+00
8.001710418472075814e-02
1.316129827482112602e-02
5.768308234023857839e-01
5.388012609162788902e-01
9.362124870159083123e-01
6.642379412908242520e-01
-2.322915191199660667e-01
4.624982552201539754e-01
