2.525516003118923436e+00
-2.088612994891488051e-01
5.010871676582951295e+00
-4.111266050199695044e-01
1.793806702905064387e+00
1.001100106170059512e+00
-9.915474700317442602e-01
7.579874217610740317e-01
-5.693946116252448369e-02
4.530501911750218547e+00
3.769364984612633696e-01
-3.322971297481470021e+00
1.534415229741818321e+00
5.600550517954111518e-01
1.106394620834414422e+00
4.332508120788637895e-01
2.641547976304540857e+00
2.660692882462202924e+00
-1.229849945641532827e+00
-1.780555597166668003e+00
1.342033132503645421e+00
-1.979920189167099887e+00
-5.383441192574489609e-01
-1.575155185249096923e-01
