-5.578891004682905164e-02
1.179121563566507991e+00
8.554087618212352639e-01
6.452601052827527939e-02
2.499854712994203643e-01
9.722815017072895527e-01
1.421559916687856751e+00
1.315139764835632219e+00
8.869914736842351433e-01
4.309411472756284889e-01
8.074781277314272421e-01
1.654609517854908507e+00
1.809996402844532337e+00
-1.468729630048475898e-01
1.256507841453791574e+00
4.831094683340341200e-01
1.743561708217135631e-01
1.055013948173896127e-02
4.779249802212955922e-01
1.375026644269600862e+00
3.289366970580980265e-01
-6.257730843926053721e-01
5.201959818404947589e-01
4.771495139526055196e-01
1.177418239080347373e+00
6.184526119973134950e-01
5.553440662365214386e-01
4.997592802056252670e-01
2.823484858735162972e-01
-3.213943628839029815e-02
9.636604024221268050e-01
1.474384843740742079e+00
1.520950585797586907e-01
2.545638027033472750e-01
-1.508985030711660125e+00
1.615613145898665781e+00
