
Figur of merit = weighted_fidelity_chi
Problem = sphere
Number of qubits = 4
Entanglement = y
Number of layers = 4
Minimization method = L-BFGS-B
Random seed = 30

BEST RESULT


THETA = 
[[[ 1.53349504e+00 -2.06546461e-01  9.29799265e-02]
  [ 1.41871100e+00 -1.73228187e-03  2.06002523e-01]
  [ 8.96185220e-01  1.58668760e+00  2.00750238e-01]
  [-1.46571490e+00  3.16777238e-01  1.67380857e+00]]

 [[ 5.38497139e-01  1.16264704e-02  7.38509751e-01]
  [ 2.21182416e+00  2.29057397e-01  4.25015004e-01]
  [ 1.11117915e+00  2.19055092e-03 -1.94911253e-01]
  [ 1.82575200e-01  3.79702154e-01  5.35042452e-02]]

 [[ 1.27138175e+00  1.45403435e+00  9.18897641e-01]
  [ 6.07869122e-01  5.92929061e-01  1.63015277e+00]
  [-1.87323528e-01  9.43154735e-01  1.69745534e-01]
  [ 2.26316494e+00  1.06823639e-01  8.91387915e-01]]

 [[-1.11753962e+00  1.35199610e+00  6.21629962e-01]
  [-4.96487915e-01  2.70107229e-01  1.43743779e+00]
  [ 1.50805068e+00  7.57614359e-01  7.13549276e-01]
  [-1.39994607e-01  2.53340801e-01  7.48910325e-01]]]
ALPHA = 
[[[ 0.15418362  1.20089845  0.20247003]
  [ 0.73987528  1.42450592 -0.86596564]
  [-0.10864888  1.37015236 -0.40640226]
  [-0.34083323  0.6497171  -0.3813602 ]]

 [[ 0.23832059 -0.04556932  0.42705669]
  [ 0.69164326  0.39162591  0.5167417 ]
  [ 0.46335639 -0.58734977  1.68131408]
  [ 1.41421878  0.96971267  0.7392321 ]]

 [[ 0.89992756  0.91128471  0.11398937]
  [ 0.84755642  0.62460613  0.02440433]
  [-0.04858351  0.55300495  1.16774418]
  [ 0.16087712  0.54543761  0.82119194]]

 [[ 1.38975902  1.11858421  0.23060489]
  [ 0.14994012  1.1133289   1.07267708]
  [-0.5814499   0.17383458 -0.08329806]
  [ 0.62561712  0.60294122  0.40554402]]]
WEIGHTS = 
[[ 2.62994181  1.88267382 -1.94668837 -1.01159831]
 [ 2.62065284  1.74784731 -2.39828417 -1.38184096]]
chi**2 = 0.056500195967781594
acc_train = 0.974
acc_test = 0.94075