1.533495038686952805e+00
-2.065464613467535571e-01
9.297992650064004772e-02
1.418711000212364404e+00
-1.732281865305512151e-03
2.060025226322416136e-01
8.961852197588963120e-01
1.586687602260504759e+00
2.007502382102593630e-01
-1.465714895529045103e+00
3.167772377901377778e-01
1.673808567570311379e+00
5.384971392148818481e-01
1.162647036253395931e-02
7.385097511012632676e-01
2.211824158633522774e+00
2.290573972127739055e-01
4.250150039713299632e-01
1.111179145483614406e+00
2.190550920827944587e-03
-1.949112530679589228e-01
1.825752004723507904e-01
3.797021541934161859e-01
5.350424515625513966e-02
1.271381749758667690e+00
1.454034351986458473e+00
9.188976405223615584e-01
6.078691219309907412e-01
5.929290613908428931e-01
1.630152769139379121e+00
-1.873235279767135608e-01
9.431547346072364224e-01
1.697455343572479847e-01
2.263164942452656536e+00
1.068236392642356453e-01
8.913879146268853804e-01
-1.117539617994736556e+00
1.351996099101841375e+00
6.216299624789164424e-01
-4.964879145021448559e-01
2.701072288222551854e-01
1.437437794648742884e+00
1.508050683655077551e+00
7.576143593678426047e-01
7.135492762549241474e-01
-1.399946074247567229e-01
2.533408012964794009e-01
7.489103245261483632e-01
