2.374738092633560171e+00
2.895642915243881177e-01
8.554243942988536409e-01
1.982115473341294676e+00
-1.549036139378170418e-01
8.274711582534070853e-02
3.341042122796352487e+00
-1.015424170373338542e-01
4.821301895876171084e-01
-1.530929242104747567e+00
5.255638064561242162e-01
2.379856390060227089e-01
2.461221959736154208e+00
3.510400358067693877e-02
9.745527646168509195e-01
1.909996283729509248e+00
7.755104060303993907e-02
1.925376724557721630e-01
1.233317824430141041e+00
3.347683073375532503e-01
1.312991655851771244e-01
6.792648515399392073e-01
4.773000365136707557e-01
-5.631337479045145367e-01
