-7.917265400460312685e-01
6.050978164014255700e-01
8.554238098970030624e-01
7.618227783640594275e-01
1.861179494162658044e-01
3.982396734937131977e-01
2.534835913721758538e-01
-1.165320612931613375e+00
8.231430102308735508e-01
-1.800736894036404356e+00
1.036801858721287495e+00
-8.258185681761871511e-01
1.503442004650484609e+00
3.231873814512432608e-01
1.485835963622672562e+00
-1.712222139206167837e+00
2.752648558354446329e-01
4.806272683886847474e-01
1.439290113332731602e+00
1.181823023848562748e+00
3.289775510742482534e-01
-1.921862084907636492e-01
4.699927665558757961e-01
2.839657587179995057e-01
8.718513088663282229e-01
1.595537834355123641e+00
5.051128848483501521e-01
1.549827604237346668e+00
7.599941924336693910e-01
9.449405783208489895e-01
-2.271994929322360690e-01
1.664114750990093539e+00
6.297178933610861895e-01
9.931903395873645790e-01
2.820602108924277415e-02
1.805324477544443695e+00
