1.705720214384053968e+00
2.233473668480816965e+00
2.357306631366274274e+00
5.020575797770617799e-01
-5.184951716565548985e-01
-1.206822336499163928e+00
-1.497984927685576395e-01
-7.456387273269163285e-02
3.198239753061025148e-01
8.800528652600370094e-01
-2.465690772591175584e-01
-3.367398439163600266e-01
3.671295196604195538e-02
-6.452269183979315870e-02
2.711421627473640239e-01
-7.711575239948135208e-01
-1.808165015134896303e-01
-1.044814908267755582e+00
4.010043219454845903e-02
1.242821665215312898e-01
