1.479895778066856016e+00
-4.313500575414760257e-02
8.554111289448034228e-01
-9.378204867479731366e-01
-7.617235353455281688e-01
-2.499704156156014878e-01
9.680402759023947201e-01
1.113179185344056910e+00
-1.247165442760935772e-01
-1.468200495357048441e+00
4.372589954651676103e-01
1.452652744452200162e+00
3.883167283760962096e-01
3.375188771820351596e-01
8.862914482636724545e-01
3.415505153621468670e-01
5.350411390694762015e-02
4.949466986687381942e-01
7.869743416500696309e-01
9.337492983804052127e-01
1.071979077912242201e-01
9.316622447702360699e-01
5.404930626957475670e-02
3.587300268869620529e-02
9.958295882759098383e-01
7.920641792479565790e-01
8.919935469079558199e-02
1.005884494341020119e+00
5.690579858075691666e-01
1.414705220194618362e-01
