5.843914179559421829e-01
6.727034777597142023e-02
3.940932657150948981e-01
1.108179190904214906e+00
6.116279708763453504e-01
3.054749002711217298e-01
1.311088624401687497e+00
6.395493678060830689e-01
-7.343919382977109889e-02
7.687753529747495262e-01
4.772077430704669276e-01
-5.308268926021243034e-02
2.638566139016136791e+00
1.319530716928517533e+00
-7.957993510940348791e-01
-2.343201391098419795e-01
1.078089202229489535e-01
-6.421576206231277562e-02
2.863127682688170861e+00
-2.673705612984049983e-03
6.831920834593249170e-01
2.637482488072069309e-01
6.558490069283581803e-02
1.564354568535337997e-01
-1.605087924987593506e-01
4.954691604923739945e-01
-4.671546923391977496e-02
4.344690934573578467e-01
7.435138533868961286e-01
1.247552784149822402e+00
1.602527586385283032e+00
-1.842817764768930333e-01
2.373461884131386590e+00
6.063497074327124370e-01
-6.894566603940199823e-02
-8.120893614801728555e-01
-1.466638744623462776e+00
1.199406073902028913e+00
1.377882906089893389e+00
7.351237278124521657e-01
