-2.696607098410097048e-01
6.991326064042382438e-01
8.554119234973381891e-01
-5.837752200108507067e-02
3.631870646243034462e-01
4.922921360305748673e-01
4.369279372518806714e-01
3.918505705715020215e-01
1.000193131037576011e+00
-2.592327164802823991e-01
5.860895778649065635e-01
7.313195958660501095e-01
7.100143828020474279e-01
5.117404816257915545e-01
1.035117490674535068e+00
1.937134246858737141e-01
3.385525180660930999e-01
6.691654420458189589e-01
1.897117353326131239e-01
6.243320420631334189e-01
3.922480339060213095e-01
1.212303579118631403e+00
5.563374570743897518e-01
-2.735446166033169701e-01
6.272794620982528047e-01
6.467683586657277939e-01
5.914853109015116850e-01
1.296113724522439226e+00
9.324049975586726768e-01
-3.824360849726712776e-03
6.455733784717627710e-01
8.206328822413604396e-01
4.388044738954797741e-01
3.627555023988653371e-01
2.042237079893798879e-01
9.618622247713033424e-01
-3.977347968023537544e-02
6.932985461506223634e-01
7.783746522946183299e-01
4.044784485603633573e-01
1.101549476233358929e-02
2.257577735835755717e-01
3.590829194241614841e-01
5.529932282533250865e-01
8.672087977646580903e-01
9.152747777893012193e-01
4.223933593316315238e-01
4.766903784353634932e-01
-1.119933777914601247e+00
6.683241586879926088e-02
7.527698369126807343e-01
6.659284961966822625e-01
8.339552450898966018e-01
4.418385239870828984e-01
-1.963982593969121337e-01
6.095120965185423234e-01
3.632642667861842867e-01
1.726260531566045531e+00
1.496651438559623015e+00
9.924717308735957477e-01
