
Figur of merit = weighted_fidelity_chi
Problem = wavy lines
Number of qubits = 2
Entanglement = n
Number of layers = 10
Minimization method = L-BFGS-B
Random seed = 30

BEST RESULT


THETA = 
[[[-0.26966071  0.69913261  0.85541192]
  [-0.05837752  0.36318706  0.49229214]
  [ 0.43692794  0.39185057  1.00019313]
  [-0.25923272  0.58608958  0.7313196 ]
  [ 0.71001438  0.51174048  1.03511749]
  [ 0.19371342  0.33855252  0.66916544]
  [ 0.18971174  0.62433204  0.39224803]
  [ 1.21230358  0.55633746 -0.27354462]
  [ 0.62727946  0.64676836  0.59148531]
  [ 1.29611372  0.932405   -0.00382436]]

 [[ 0.64557338  0.82063288  0.43880447]
  [ 0.3627555   0.20422371  0.96186222]
  [-0.03977348  0.69329855  0.77837465]
  [ 0.40447845  0.01101549  0.22575777]
  [ 0.35908292  0.55299323  0.8672088 ]
  [ 0.91527478  0.42239336  0.47669038]
  [-1.11993378  0.06683242  0.75276984]
  [ 0.6659285   0.83395525  0.44183852]
  [-0.19639826  0.6095121   0.36326427]
  [ 1.72626053  1.49665144  0.99247173]]]
ALPHA = 
[[[ 5.84391418e-01  6.72703478e-02]
  [ 3.94093266e-01  1.10817919e+00]
  [ 6.11627971e-01  3.05474900e-01]
  [ 1.31108862e+00  6.39549368e-01]
  [-7.34391938e-02  7.68775353e-01]
  [ 4.77207743e-01 -5.30826893e-02]
  [ 2.63856614e+00  1.31953072e+00]
  [-7.95799351e-01 -2.34320139e-01]
  [ 1.07808920e-01 -6.42157621e-02]
  [ 2.86312768e+00 -2.67370561e-03]]

 [[ 6.83192083e-01  2.63748249e-01]
  [ 6.55849007e-02  1.56435457e-01]
  [-1.60508792e-01  4.95469160e-01]
  [-4.67154692e-02  4.34469093e-01]
  [ 7.43513853e-01  1.24755278e+00]
  [ 1.60252759e+00 -1.84281776e-01]
  [ 2.37346188e+00  6.06349707e-01]
  [-6.89456660e-02 -8.12089361e-01]
  [-1.46663874e+00  1.19940607e+00]
  [ 1.37788291e+00  7.35123728e-01]]]
WEIGHTS = 
[[0.32794303 0.9104275 ]
 [0.84518326 0.27765456]
 [0.85021398 0.28057719]
 [0.29886799 0.88667713]]
chi**2 = 0.022346333145304688
acc_train = 0.96
acc_test = 0.927