1.045952096736843862e+00
1.037628438527034014e+00
9.585173642883108025e-01
-6.378440776955444924e-02
6.340981312680773474e-01
8.588662375633658863e-01
1.538897560789622254e+00
-4.368168711651806285e-02
1.479623549009686512e+00
-1.179697376799501152e-01
9.665939181101383670e-02
1.320724108821319243e-01
-5.353311966543782274e-01
1.138591744307068998e+00
-1.397908675625153307e+00
-9.743349970116418901e-02
8.078271488255430732e-01
1.147802076528136483e+00
9.538378331753371020e-01
-7.434004042524944289e-01
7.688718937554508415e-01
6.466797025872544902e-02
-3.675865479985991335e-01
4.674429907802746809e-01
6.263678869458171317e-01
1.841489132231608261e+00
1.020588276292194951e+00
1.466591754029474171e+00
5.047684224139369347e-01
7.898357801961826408e-02
9.770927374528541876e-01
8.870544577491423777e-01
1.072851279106499023e+00
-2.469136742792295003e-01
-3.997335168388342352e-01
3.965161896830856070e-01
1.423883613600664122e-02
8.614165143075626085e-01
4.304453734925868247e-01
9.570600018060948511e-01
2.960720663709427436e-01
-1.030139642533689365e-01
2.197461646651766853e-01
6.666219335638334798e-01
-2.136216142675247953e-01
-4.134779403378607832e-02
5.602626262221254150e-01
1.408989377741167504e+00
