8.976318896782650159e-01
6.706448499745006897e-01
4.280254608191616517e-01
6.246561510961189806e-02
5.726714839712170324e-01
-2.368206437594345404e-01
6.521076529153559953e-01
4.399353808313271608e-01
3.585988425009765113e-01
8.215069268297311433e-01
5.886322017045577670e-01
1.800139222913433312e-01
1.341873417557775949e-01
-2.665156679197242529e-01
4.011402779410598307e-01
-5.409169116864226412e-01
8.375423932635641666e-01
-1.656543393808971865e-01
8.587068856567672270e-01
-2.674356248488089088e-02
2.814818996166100762e-01
3.966814331231059976e-01
2.244974416722527455e-01
4.008536410891842122e-02
5.734348930769597175e-01
2.197950103486161766e-01
7.143714511571990222e-01
-3.630325731688151536e-01
5.501438310939963383e-01
3.338179581022938103e-01
1.834299071967063766e+00
9.094293716193788679e-01
-5.067650010426770490e-02
1.280368809311891232e+00
-7.087209972145898096e-01
9.609599485363332638e-01
-3.981444361173054891e-01
2.987393362415375897e+00
2.321348142752680310e+00
1.657189520003677030e+00
-1.761118179734597389e+00
-8.343345933474985432e-02
6.612706979446545397e-01
-3.422456080301211068e-01
5.871781432491444130e-01
-1.652458906634341362e+00
2.296067173050646559e+00
9.086646057703673396e-01
