4.039547105254694959e-01
4.208076351769595158e-01
8.554414662427306526e-01
-3.560479775494990173e-01
1.597263734780385080e+00
2.139778461264033871e-01
6.410479372389857877e-01
-9.100488889024326289e-01
2.234279509046458223e+00
1.233285012007656611e+00
7.711797141200046335e-01
-5.706262575672311765e-01
1.975559508435273726e+00
1.286806849585115931e+00
1.220212695576949447e+00
-1.531431369912084339e-01
1.871431550696704693e-01
1.444176563898469823e+00
1.887347005259802257e+00
1.171505467205635309e+00
2.408093359791282362e-01
-1.023006186562349873e+00
9.567865288861213680e-01
2.736755623639489099e-01
8.721926083218132231e-01
5.549298390669634706e-01
9.919433060425969506e-01
-9.531132511270666852e-01
1.459204088770032770e-01
-9.566202851815955310e-02
