7.516010560528447737e-01
3.689549718549112733e-01
9.298328090293597747e-02
1.149726732349532377e+00
5.172515782563567033e-01
7.815001091711394343e-01
-7.369530993302201294e-01
1.859196194262290547e+00
7.197373880843089822e-01
5.885852062299532506e-01
8.781636272086223993e-01
1.946318617534350093e+00
-8.734237214215794243e-01
-2.579633996164328383e-02
1.299894066180779628e+00
1.419198886736155352e+00
7.017477118232559041e-01
3.875950970610965718e-01
1.674435393706723785e+00
8.490933103631658208e-01
2.777751379483351934e-01
1.421960634946528135e+00
6.115673751060735075e-01
9.004062927762371826e-01
2.083358803079286670e+00
-2.204764968170810913e-02
1.150755869433194745e+00
-9.163052371634810012e-01
9.160061363291954750e-01
1.540702302421361747e-01
-1.614930569423149165e-01
2.369693012336754112e+00
4.928221328412671909e-01
2.464048424329949416e+00
1.068262384600191656e-01
2.317923546685151770e+00
