2.999329244847054099e+00
1.130495072356844988e+00
8.554105086392822521e-01
1.423172221396007187e+00
-1.587123426837539597e+00
9.236547594130496419e-01
1.577645444059492030e+00
5.811009044544889202e-01
-9.501209154483635233e-01
-3.095361773776582837e+00
8.071929584940819302e-02
9.205699211879089239e-01
-1.431751838444882186e+00
6.894543493274175594e-01
5.297494158319215884e-01
-1.132175941733996050e+00
-3.355200780265472915e-03
8.468778885357371999e-01
-1.303331395051989361e+00
1.112344885289406671e+00
5.034340040283668410e-02
5.342520933278452899e-01
7.635906299489667592e-01
2.144711611888566183e-01
7.768683568205253520e-01
1.343382924434898040e+00
7.987402644222590942e-01
-1.523080778646530131e+00
5.690545865347497179e-01
6.927840251436213626e-01
