3.310484309667457214e+00
2.616090958257289323e+00
-6.208037401971920888e-01
2.018246290692133460e+00
1.770011506708821125e+00
1.385996829622044624e+00
-3.244381439930339006e+00
3.288050213976049241e-01
1.725692391600151421e+00
2.258199117937563116e+00
-5.627435299194459839e-01
2.498566141938547869e+00
-3.262052814878412477e+00
-5.785654773233757375e-02
5.567352684865952028e+00
1.960239651295316188e+00
5.517058505421333914e-01
-2.679523289216184434e+00
1.182095301859158676e+00
1.242802085409436402e-01
