-1.657743630816471692e-01
3.308458926700850178e-01
8.554116191190528351e-01
1.644564648218883596e-01
5.271621062547008352e-01
1.240065368726600559e-01
7.290147004354315952e-01
-5.532687003614399357e-01
1.164167996032360541e+00
2.087307648025549800e-01
3.943128426594628144e-01
7.836776600202896015e-01
5.989980766789263500e-01
7.535656056014280457e-01
8.433428918583782963e-01
-9.198674113519252071e-02
2.107260384752129567e-01
9.109895488823691601e-01
-2.660331814905464443e-01
5.426083681375877266e-01
3.289393966553630921e-01
2.676608135873060346e-01
5.216040147542253536e-01
-3.552676770197167877e-01
9.830931059675786232e-02
2.270614683530850497e-01
5.567537855220383580e-01
7.127912479532944046e-01
5.567098458836389208e-01
2.920432309083778044e-01
4.518843597498412579e-01
5.540466078265582350e-01
4.264578897930151880e-01
3.653258199866913358e-01
-8.504254611128971367e-03
6.952744919800064594e-01
