-1.775763677081596770e+00
-1.170857220644886620e+00
8.048007948422324365e-01
7.114740025296723003e-01
2.321364637961068844e+00
1.870215133377177485e+00
-2.100394701438386580e+00
-1.976567569147962000e-01
-1.930416100785345535e+00
1.276879126900050565e+00
-1.156308294630010280e+00
6.508099890579180924e-01
-1.660656115368447094e-01
2.147775283498865484e+00
4.844996822569827555e-01
7.630806917683392587e-01
3.680792636623754222e-01
5.848690421065360079e-01
4.753674771156916612e-01
-4.924625273637408540e-01
1.509737185023439343e+00
8.214095822359648302e-01
3.180942443328401481e+00
1.559351712257394329e+00
2.215482040884981796e+00
1.597750893450330834e+00
-1.583451010069842457e+00
2.201430557252878284e+00
-2.832024291212704714e-01
-1.986457983103478153e-01
1.225836980658192354e+00
2.900216697228335527e-01
