-2.689419549490953409e-01
3.909817794702088317e-02
8.554006977376803489e-01
-5.735374608928790474e-01
1.112446690832410434e+00
-1.677460132129867387e-01
-6.289454900519280134e-01
-3.200459908863430014e-01
1.749443102842923148e+00
5.427299445974576031e-01
1.100472262406570062e-01
1.943421125664777926e-02
1.574904544428667563e+00
1.748315717998397689e-01
5.590834409978558961e-01
1.348156950721637326e+00
4.324289977832923570e-01
3.322690562826502436e-01
1.321674940708448931e+00
1.023900773977163947e+00
4.860900234736726389e-01
-3.849400954098745609e-01
4.773715780958086574e-01
1.260235324061778628e-01
5.967032168427334193e-01
1.028317406895894237e+00
5.125641408827145140e-01
4.049055812013220845e-01
1.013604635371174290e+00
3.777197602227196360e-01
-1.014256481075918453e-01
-3.499997109882101443e-01
8.833746399833111163e-01
-2.795028856405725737e-01
-1.470491392018673238e-01
-2.087589281598862812e-01
1.203914781293356828e+00
5.574958184053087074e-01
4.271080999104692189e-01
2.136024837237389562e+00
4.118694351922260188e-01
8.995058099432690080e-02
6.227573544704616548e-01
9.241131378346630898e-01
1.268058512425815243e+00
-1.009315569247965616e+00
5.084591170229689761e-01
8.477903037871066250e-01
