-4.754887304146161453e-01
1.481290202163730585e-01
8.556501292146951876e-01
1.860507998601692803e+00
2.884137674383763783e-01
-5.882522628571576484e-02
1.630495948949788554e+00
-9.272507157867976302e-01
9.252296073419542521e-01
7.640272713943551119e-01
5.255101529574053298e-01
-5.884061310642694220e-01
2.281234395143739047e+00
4.835075821861835599e-01
9.743572121600247993e-01
1.131034268387522967e+00
4.124782758699375718e-01
6.409633381570203348e-01
2.237677552396133862e+00
3.910603873802628860e-01
4.660924496686449370e-01
2.218175052343376308e-01
4.773479858037669166e-01
-5.063450274203922241e-01
