1.378273958150537937e-01
1.638782321560085853e+00
3.036834674240925791e-01
1.523865882956140783e-01
1.382427948423062158e+00
-4.563413382577156674e-01
1.887518370926773992e+00
4.348241363263149473e-01
6.745087161478157123e-01
1.401346295522119291e-02
7.749300628164218496e-01
-1.024898198730278126e-01
4.297506386978079962e-01
5.842060817296553799e-01
3.543334504614965019e-01
1.836661029481526930e-01
-6.313384619809372378e-01
3.839644927219497128e-01
-1.360586145952430437e-01
1.334859174133325721e-01
4.453966735651924691e-01
4.434715034813956763e-02
5.150825945636542530e-02
-4.340098505968384424e-01
-1.053095769082915412e-01
7.268083339369140194e-01
1.189608621701653046e+00
7.812648583605011909e-01
5.762986615435466975e-01
8.123980899051730376e-01
2.268331193694801851e+00
7.673861669145362052e-01
-5.080529631678729618e-01
1.994891016482765178e-01
6.752095005862633892e-01
1.199528135303753018e+00
-5.101823753457476740e-02
1.072512463338703287e-02
2.253160686462277740e-01
-3.919960475173178693e-02
4.676996541341195135e-01
1.808029950497121729e-01
1.007560520334896959e+00
6.128576678284233248e-01
8.542989518713852704e-01
1.472233123552647016e-01
3.171017962372473797e-01
7.214607694999937149e-01
