
Figur of merit = weighted_fidelity_chi
Problem = wavy lines
Number of qubits = 4
Entanglement = y
Number of layers = 6
Minimization method = L-BFGS-B
Random seed = 30

BEST RESULT


THETA = 
[[[ 0.5007788   0.79837404  0.85541095]
  [ 0.70368911 -0.13710869  0.59153381]
  [ 0.76080395  0.2926408   0.49989665]
  [ 0.78847446  0.19411037  0.63210969]
  [ 0.84643566  0.02701166  0.64313983]
  [-1.03751841  0.29118018  0.18443672]]

 [[-0.15423295  0.8609283   0.32893755]
  [ 0.23443319 -0.08352526 -0.03694787]
  [ 1.46638722  0.50861029 -0.04837677]
  [ 1.95005956  0.43420383 -0.1419841 ]
  [ 0.30479835  0.62928341  0.30395156]
  [ 0.73233534  0.14837187  0.77051265]]

 [[ 0.75024154  0.83411363  0.60234322]
  [ 1.54326361  0.57422676  0.36657189]
  [ 0.73838796  0.1787592   1.43042171]
  [ 0.55283189  0.59136885  0.10245601]
  [ 0.37603609 -0.47909656  0.92174536]
  [ 1.82598056  1.64636722 -0.10409063]]

 [[ 0.92504014  0.1240266   0.20136212]
  [ 0.91387951  0.71470829  0.50698607]
  [ 0.44273104  0.10759862  0.59643896]
  [ 0.91408966  0.45604449  0.5461842 ]
  [-0.0139203   1.2059881   0.33757832]
  [ 0.65823415  1.31812507  1.63798006]]]
ALPHA = 
[[[ 0.1378274   1.63878232]
  [ 0.30368347  0.15238659]
  [ 1.38242795 -0.45634134]
  [ 1.88751837  0.43482414]
  [ 0.67450872  0.01401346]
  [ 0.77493006 -0.10248982]]

 [[ 0.42975064  0.58420608]
  [ 0.35433345  0.1836661 ]
  [-0.63133846  0.38396449]
  [-0.13605861  0.13348592]
  [ 0.44539667  0.04434715]
  [ 0.05150826 -0.43400985]]

 [[-0.10530958  0.72680833]
  [ 1.18960862  0.78126486]
  [ 0.57629866  0.81239809]
  [ 2.26833119  0.76738617]
  [-0.50805296  0.1994891 ]
  [ 0.6752095   1.19952814]]

 [[-0.05101824  0.01072512]
  [ 0.22531607 -0.0391996 ]
  [ 0.46769965  0.180803  ]
  [ 1.00756052  0.61285767]
  [ 0.85429895  0.14722331]
  [ 0.3171018   0.72146077]]]
WEIGHTS = 
[[-0.306459    2.20000747  0.54826412 -0.99728298]
 [ 0.54043009  1.03599599  0.17061132 -0.58146659]
 [ 1.21701932 -1.44836832  0.51289172  0.83035107]
 [-0.11600085 -0.36200515  2.13652338 -0.50837247]]
chi**2 = 0.01880324368046199
acc_train = 0.96
acc_test = 0.92925