
Figur of merit = weighted_fidelity_chi
Problem = crown
Number of qubits = 4
Entanglement = y
Number of layers = 8
Minimization method = L-BFGS-B
Random seed = 30

BEST RESULT


THETA = 
[[[ 1.27405343  0.91540075  0.85541143]
  [-0.57876042 -0.16272774  0.70856019]
  [ 1.4891228   1.08558038  0.47427575]
  [ 0.34907537  0.68512505  1.42504974]
  [ 0.66864681  0.24323737  1.13415298]
  [-0.92822375  0.41039648  0.40066266]
  [ 1.35807346  1.23149354  0.46409231]
  [ 0.78175121  0.47739075  0.33361606]]

 [[ 1.16755155  1.102643    0.51253933]
  [ 1.66308975  0.11660867  0.45204951]
  [ 0.01036957  0.77883822 -0.01364416]
  [ 1.46657777  0.17529384  0.92006777]
  [ 0.93348703  1.09753403  0.7494456 ]
  [ 1.19354419 -0.1612941   0.62999284]
  [ 0.80576596  0.4978412   0.69490031]
  [ 1.20871063  0.50845724  0.42153697]]

 [[-0.58729159 -0.28461269  0.8388349 ]
  [-0.0313088   0.02245099  0.09039418]
  [ 0.12023719  0.03353225 -0.44824051]
  [-0.35125897  0.32021395  0.41649117]
  [ 0.2646297   0.51061657  0.20194314]
  [ 0.52785515  0.84976639  0.94920159]
  [ 1.2609478   0.79035724  0.73130038]
  [ 1.05558126  0.02084908  1.22234933]]

 [[ 0.27868097  0.78179065  0.04970463]
  [ 0.05646669  0.18185343  0.02167209]
  [ 1.81598668  0.16956417  0.11315017]
  [-0.1286989   0.16395979  0.05955414]
  [ 0.29784535 -0.33866022 -0.17363224]
  [ 0.0956393  -0.39371021  0.09795487]
  [ 0.16406073  0.09142573  0.1304809 ]
  [ 0.85215971  0.08391861 -0.19041842]]]
ALPHA = 
[[[-0.2350751   1.19072644]
  [ 0.49358236  0.45834526]
  [-0.43551216  1.46919885]
  [ 1.99109451  0.63337806]
  [-0.02322576  0.62606782]
  [ 0.45274742  1.80605619]
  [-0.68814174 -0.80636049]
  [-0.03829164  0.47984488]]

 [[-0.20138989 -0.3229618 ]
  [ 0.90680486  0.03155833]
  [ 1.35555409  0.85572266]
  [ 0.99457699  0.8862901 ]
  [ 1.00474725  0.9519259 ]
  [ 1.12712702  0.19232576]
  [ 0.49209142  0.50501334]
  [-0.06535743  0.54498059]]

 [[ 0.51499052  0.67554207]
  [ 0.69844887 -0.24016327]
  [ 1.1220527   1.14278475]
  [ 0.48952205  0.69660466]
  [ 0.8793716   1.51731762]
  [ 1.02325594 -0.1602734 ]
  [ 0.84464872  0.35171589]
  [ 1.5050835   0.58218449]]

 [[ 1.1981819   0.72474034]
  [ 0.91476771  1.76269493]
  [-0.26508551  0.16132012]
  [-0.15274434  0.17601509]
  [-0.16589278  0.49304281]
  [-0.33955297  0.65064513]
  [ 1.17156899  0.26560006]
  [ 1.41240238  0.88983278]]]
WEIGHTS = 
[[ 3.57397351  0.33909326 -1.56754127 -1.17766441]
 [ 3.52181791  0.28758599 -1.69792704 -1.27245668]]
chi**2 = 0.03320772983241738
acc_train = 0.985
acc_test = 0.9355