-3.704764687477170582e-01
2.116640524506823606e+00
6.660198948761988369e-01
5.383310045091270757e-01
-1.324686322346546374e+00
1.709317279098568676e+00
1.246706665500237232e+00
7.262048179277835747e-01
-8.490944360970359428e-01
2.031749764459110263e+00
-1.167615259100506675e+00
1.246690654119546604e+00
9.704215999164119699e-01
1.545693965388817093e+00
7.861171543658408423e-01
3.391449211348794290e-01
2.039641240152119117e+00
1.886019342736987292e-01
-1.183827928363735404e+00
-1.721954215483372908e+00
7.766083486744271847e-01
4.143712342629033429e-01
2.584348183664579413e+00
1.845553350492070477e+00
3.004226119280695162e-01
6.981986928690601113e-01
-5.834246978447188425e-01
1.208262389254296298e+00
-1.801282145166396564e-01
1.466621457542265361e+00
1.426454741777585244e+00
-5.499150485270799527e-01
-1.029033202552484871e+00
1.066246854656451637e+00
-1.991778279601775115e+00
-4.281111552698919631e-01
6.031598334504228998e-01
-4.931657416739475969e-02
1.017213642878564084e+00
-2.005170128394880291e-01
