8.671182658154573675e-01
9.758232551171854841e-01
8.554116732208587592e-01
5.067646424055977095e-01
9.994326277089823907e-02
7.689832729918749665e-01
1.122771741353330244e+00
7.128178461486035511e-01
7.369498163333713103e-01
4.856040089766607837e-01
2.099935309841529651e-01
1.052288208103430156e+00
1.320725481779632560e+00
9.625007711738738092e-02
6.590225969938441342e-01
6.160288433497344007e-01
7.787520307505808592e-01
2.536749231896801016e-01
1.739311894283930071e+00
8.042585922894605055e-01
8.324458632440498995e-01
-2.009347603381727576e-01
4.897144235086591246e-01
-9.361685993846387277e-02
7.548308724409076298e-01
5.288098766404584206e-01
5.248629088659365616e-01
6.438165972898425293e-01
1.324089283687342133e+00
-1.217845820029463261e-01
1.269782245980571211e+00
8.575092493211364797e-01
4.388056479712618696e-01
-7.481332509848876988e-01
-4.622663680549904952e-01
9.987399443287183765e-01
6.820862881675758826e-01
2.461619225328484373e-01
1.118865050868966676e-01
1.832212837270146277e+00
-3.758099409948902903e-01
-2.213770740787409097e-01
2.314901040797955889e-01
7.200294919863799992e-01
4.803852098425043238e-01
-8.147739131462672368e-01
6.978959735460648073e-01
6.437265002553400617e-01
1.047442087798554411e+00
1.654911272706461323e-01
1.028273985124264822e+00
2.225710659009152437e-01
6.460246624332200982e-01
5.404978816454911739e-01
4.413831450733750050e-01
4.069208288102151710e-02
1.753335146008640488e-01
6.430990295867609063e-01
8.002270946871893331e-01
4.236502851309556505e-01
