
Figur of merit = weighted_fidelity_chi
Problem = squares
Number of qubits = 2
Entanglement = n
Number of layers = 10
Minimization method = L-BFGS-B
Random seed = 30

BEST RESULT


THETA = 
[[[ 0.86711827  0.97582326  0.85541167]
  [ 0.50676464  0.09994326  0.76898327]
  [ 1.12277174  0.71281785  0.73694982]
  [ 0.48560401  0.20999353  1.05228821]
  [ 1.32072548  0.09625008  0.6590226 ]
  [ 0.61602884  0.77875203  0.25367492]
  [ 1.73931189  0.80425859  0.83244586]
  [-0.20093476  0.48971442 -0.09361686]
  [ 0.75483087  0.52880988  0.52486291]
  [ 0.6438166   1.32408928 -0.12178458]]

 [[ 1.26978225  0.85750925  0.43880565]
  [-0.74813325 -0.46226637  0.99873994]
  [ 0.68208629  0.24616192  0.11188651]
  [ 1.83221284 -0.37580994 -0.22137707]
  [ 0.2314901   0.72002949  0.48038521]
  [-0.81477391  0.69789597  0.6437265 ]
  [ 1.04744209  0.16549113  1.02827399]
  [ 0.22257107  0.64602466  0.54049788]
  [ 0.44138315  0.04069208  0.17533351]
  [ 0.64309903  0.80022709  0.42365029]]]
ALPHA = 
[[[-0.37047647  2.11664052]
  [ 0.66601989  0.538331  ]
  [-1.32468632  1.70931728]
  [ 1.24670667  0.72620482]
  [-0.84909444  2.03174976]
  [-1.16761526  1.24669065]
  [ 0.9704216   1.54569397]
  [ 0.78611715  0.33914492]
  [ 2.03964124  0.18860193]
  [-1.18382793 -1.72195422]]

 [[ 0.77660835  0.41437123]
  [ 2.58434818  1.84555335]
  [ 0.30042261  0.69819869]
  [-0.5834247   1.20826239]
  [-0.18012821  1.46662146]
  [ 1.42645474 -0.54991505]
  [-1.0290332   1.06624685]
  [-1.99177828 -0.42811116]
  [ 0.60315983 -0.04931657]
  [ 1.01721364 -0.20051701]]]
WEIGHTS = 
[[0.30646615 0.84950794]
 [0.91166688 0.24884866]
 [0.33771559 0.74491505]
 [0.88287831 0.32151601]]
chi**2 = 0.016977739927290597
acc_train = 0.97
acc_test = 0.93125