
Figur of merit = weighted_fidelity_chi
Problem = sphere
Number of qubits = 4
Entanglement = n
Number of layers = 10
Minimization method = L-BFGS-B
Random seed = 30

BEST RESULT


THETA = 
[[[ 0.74482044 -0.01885679  0.09298108]
  [ 1.342312    0.03808122  0.39369183]
  [ 0.92777108  0.6173302   0.24056539]
  [-0.08788044  0.41437653  0.70445229]
  [ 0.46300142  0.41514793  0.83610682]
  [ 0.8007253   0.68959732  0.82853916]
  [ 0.58688294  0.65965489  0.26562695]
  [ 0.1425352   0.23462636  0.71096926]
  [ 1.05034298  0.49733722  0.77382079]
  [ 0.42719548  0.50000107  0.67345687]]

 [[ 0.18812037  1.06799353  0.07681627]
  [ 1.29285833  0.43976052  1.01622719]
  [ 0.03515508  0.64355337  0.9545659 ]
  [ 0.3590043   0.3552034   0.72899431]
  [ 0.71816009  0.86841094  0.79864541]
  [-0.15671415  0.48969088  0.85970548]
  [ 0.29491492  1.14548553  0.43881985]
  [ 0.24123784  1.11129648  0.37974439]
  [ 0.81318796  1.05676657  0.94133202]
  [ 0.86446227  0.64971776  0.87500952]]

 [[ 0.76009579  0.45499462  0.42705676]
  [ 1.13900567  0.66266168  0.4322981 ]
  [ 1.05381007 -0.10915233  0.76483891]
  [ 1.15797015  0.53218788 -0.11394374]
  [ 1.21344473  0.11851734 -0.32353885]
  [-0.12647849  0.28881427  0.16290779]
  [-1.01606963  0.18597924  1.05917957]
  [-0.75383516  0.54759993  0.47235953]
  [ 0.41643663  0.38767063  0.23276505]
  [ 1.09388462  0.60510652  0.15151581]]

 [[ 0.19255407  0.63264294  0.06716576]
  [ 0.52495418  0.56159181  0.9543752 ]
  [ 1.31543262  0.15302185  0.93640944]
  [ 0.90746782  0.25768357  1.00556792]
  [ 0.37923114  0.37356906  0.40268792]
  [-0.12313129  0.53677475  0.78622445]
  [ 0.26006573  0.60365161  0.4854316 ]
  [ 0.29254215  0.49149257  0.4282587 ]
  [ 1.19302748  0.19915031  0.28921279]
  [ 0.03975927  0.19058718  1.11789163]]]
ALPHA = 
[[[-0.23343118  0.80241044  0.74211625]
  [ 0.60771662  0.78632294 -0.2583406 ]
  [ 0.47816859  0.86733406  0.02129687]
  [ 0.6749112   0.31538111  0.49977713]
  [ 0.19419723  0.69071452  0.12352946]
  [ 0.24014387  0.13937327 -0.2053186 ]
  [ 0.21737354  0.3906109  -0.18313034]
  [ 0.38182099  0.97200694  0.78455995]
  [ 0.72265727  0.63828319  0.83034247]
  [ 0.12735924  0.49920789  0.32007676]]

 [[ 0.38292157  0.26042254  0.39611995]
  [-0.87565645  0.76156506  0.0671162 ]
  [ 0.35430701  1.18237322  0.01798538]
  [ 0.5259805   0.41014701  0.24251853]
  [ 0.25390026  0.53242629  0.6105621 ]
  [-0.08675535  0.49401733  0.15110451]
  [-0.12554132  0.3412114  -0.09051846]
  [ 0.08091071  0.05586304  0.57546608]
  [ 0.62010952  1.01694429  0.21385694]
  [ 0.79480394  0.88989912  0.39324953]]

 [[-0.10208088  0.31562854  0.82175694]
  [ 0.05971529  0.33015375  1.10708848]
  [-0.33091529  0.61268223  0.90926938]
  [-0.47174275  1.00461609  0.56770089]
  [ 0.72710175  0.70629813  0.51584387]
  [ 1.09464961  0.7021928   0.79350869]
  [-0.01767847  0.97378423  0.45589391]
  [ 0.30010142  0.13566557  0.57480486]
  [ 0.3537914  -0.49002889  1.0277755 ]
  [ 0.13137068  0.61335064  0.24224558]]

 [[ 0.56870997 -0.15774382  0.71912567]
  [-0.01400096 -0.42789018  1.32467672]
  [ 0.61221479  0.56816407  0.16716307]
  [ 0.78333902 -0.36115085  0.45752973]
  [ 0.47384956 -0.91062354  0.69959353]
  [ 0.39603417 -0.29602219  0.93946539]
  [ 0.80542977  0.17858754  0.16160704]
  [ 0.33136282  0.23383378  0.14994407]
  [ 0.29115243  0.69987848 -0.30399035]
  [ 1.15038206  0.54242617 -0.26621073]]]
WEIGHTS = 
[[-0.08614377 -1.02075271  0.95942195  1.26846824]
 [-0.19017736 -1.16652957  0.9837341   1.27277915]]
chi**2 = 0.0648539964052356
acc_train = 0.974
acc_test = 0.922