7.448204373239453169e-01
-1.885679412478006439e-02
9.298107576399189389e-02
1.342312001910974217e+00
3.808121954749240506e-02
3.936918338102100567e-01
9.277710847334781352e-01
6.173301975767150340e-01
2.405653902752860895e-01
-8.788043829010074026e-02
4.143765338191028880e-01
7.044522896549195723e-01
4.630014188390511598e-01
4.151479295296813810e-01
8.361068194445733237e-01
8.007253042037325574e-01
6.895973225272715723e-01
8.285391615946429145e-01
5.868829385407408061e-01
6.596548921062216353e-01
2.656269505525086783e-01
1.425352023989701900e-01
2.346263631763300384e-01
7.109692609346314196e-01
1.050342983734143365e+00
4.973372209187143511e-01
7.738207940057825196e-01
4.271954795868260213e-01
5.000010716171819913e-01
6.734568727738842187e-01
1.881203691199185568e-01
1.067993533533398320e+00
7.681626865762651579e-02
1.292858333734678844e+00
4.397605199242309304e-01
1.016227186856609288e+00
3.515507568960531820e-02
6.435533711483696351e-01
9.545658988901856157e-01
3.590042994483427785e-01
3.552034042951312531e-01
7.289943052372850341e-01
7.181600937915176841e-01
8.684109388183444134e-01
7.986454113861261028e-01
-1.567141543303663676e-01
4.896908804231570600e-01
8.597054821597470697e-01
2.949149193165598315e-01
1.145485533221716423e+00
4.388198504520207099e-01
2.412378442416839852e-01
1.111296483641924571e+00
3.797443912083405815e-01
8.131879585432644220e-01
1.056766573909248885e+00
9.413320157335166583e-01
8.644622732399753762e-01
6.497177580295327992e-01
8.750095180636021652e-01
7.600957885832827499e-01
4.549946245207369677e-01
4.270567616205151462e-01
1.139005670402897685e+00
6.626616774938892673e-01
4.322981019485778731e-01
1.053810073781672241e+00
-1.091523255225887445e-01
7.648389089705909250e-01
1.157970147289373308e+00
5.321878761594848184e-01
-1.139437361543375604e-01
1.213444732988429031e+00
1.185173430639098607e-01
-3.235388533912579856e-01
-1.264784871530399424e-01
2.888142746528111759e-01
1.629077877211580760e-01
-1.016069628928010005e+00
1.859792354155230809e-01
1.059179571764298222e+00
-7.538351582654561067e-01
5.475999269103044576e-01
4.723595330981737450e-01
4.164366291065685344e-01
3.876706321481990791e-01
2.327650474895211485e-01
1.093884622967873588e+00
6.051065212321126152e-01
1.515158149660130738e-01
1.925540658434542751e-01
6.326429372561135356e-01
6.716575944105752927e-02
5.249541797819817779e-01
5.615918052838675401e-01
9.543752002703465021e-01
1.315432618654766461e+00
1.530218507583343268e-01
9.364094420261550589e-01
9.074678187911634497e-01
2.576835683215000783e-01
1.005567922142423631e+00
3.792311416106081690e-01
3.735690563746694171e-01
4.026879249166051000e-01
-1.231312945794510172e-01
5.367747508003197776e-01
7.862244520421483029e-01
2.600657267563688535e-01
6.036516131729425805e-01
4.854316023203966157e-01
2.925421473372650794e-01
4.914925725332738859e-01
4.282586971336920234e-01
1.193027482109812576e+00
1.991503116513195226e-01
2.892127899698270777e-01
3.975927193742544163e-02
1.905871782037537876e-01
1.117891631505048666e+00
