-2.334311849588212029e-01
8.024104421827535916e-01
7.421162481458205562e-01
6.077166237979021446e-01
7.863229354664856841e-01
-2.583405967888937615e-01
4.781685857029103204e-01
8.673340645277778371e-01
2.129687084080759962e-02
6.749111984228522987e-01
3.153811137971544998e-01
4.997771273755268195e-01
1.941972263389504794e-01
6.907145215072530986e-01
1.235294625916072281e-01
2.401438724356780019e-01
1.393732678848265683e-01
-2.053186012867573018e-01
2.173735417918334079e-01
3.906109046525030881e-01
-1.831303397888743023e-01
3.818209903684313122e-01
9.720069434400450126e-01
7.845599480005103210e-01
7.226572687655153926e-01
6.382831928663403875e-01
8.303424712230581539e-01
1.273592421445567113e-01
4.992078853997764520e-01
3.200767570890561964e-01
3.829215721354852220e-01
2.604225406702536660e-01
3.961199480633469938e-01
-8.756564544519060966e-01
7.615650573346878227e-01
6.711620145679304816e-02
3.543070060722802728e-01
1.182373224885901575e+00
1.798538411927496847e-02
5.259804987600013026e-01
4.101470147041757497e-01
2.425185291130957099e-01
2.539002562950424813e-01
5.324262947323591399e-01
6.105620975985971421e-01
-8.675535060704432644e-02
4.940173286639368833e-01
1.511045128027454221e-01
-1.255413155731789077e-01
3.412114017971521474e-01
-9.051846143272999912e-02
8.091070791422372288e-02
5.586304045558307396e-02
5.754660796891241104e-01
6.201095223202308659e-01
1.016944293953954359e+00
2.138569399536585369e-01
7.948039370649613300e-01
8.898991187624073484e-01
3.932495275109923472e-01
-1.020808786830132847e-01
3.156285369968726551e-01
8.217569413675785972e-01
5.971529410917318648e-02
3.301537489174383722e-01
1.107088476813016253e+00
-3.309152850929592549e-01
6.126822261015105742e-01
9.092693809414705841e-01
-4.717427490245809096e-01
1.004616091158892166e+00
5.677008858520012913e-01
7.271017522241297604e-01
7.062981265007575171e-01
5.158438722195994863e-01
1.094649610141292584e+00
7.021928011275030412e-01
7.935086853287749431e-01
-1.767847479519802506e-02
9.737842299733412421e-01
4.558939118807382451e-01
3.001014182876408642e-01
1.356655705161531056e-01
5.748048552629604346e-01
3.537914030161939394e-01
-4.900288926085022423e-01
1.027775497813488093e+00
1.313706834738686546e-01
6.133506411097439104e-01
2.422455840134287164e-01
5.687099661948671336e-01
-1.577438169647712995e-01
7.191256717826028932e-01
-1.400095925107150419e-02
-4.278901763363700539e-01
1.324676721943340407e+00
6.122147927770912323e-01
5.681640740584585902e-01
1.671630703205727875e-01
7.833390225884108160e-01
-3.611508490228461099e-01
4.575297338029061800e-01
4.738495631378062956e-01
-9.106235371835762482e-01
6.995935270988532517e-01
3.960341651854958345e-01
-2.960221865311481459e-01
9.394653937000884136e-01
8.054297741599069083e-01
1.785875403700828978e-01
1.616070392259745803e-01
3.313628232269215657e-01
2.338337824413521948e-01
1.499440734653194884e-01
2.911524343791667135e-01
6.998784814746545901e-01
-3.039903545653109274e-01
1.150382057149515580e+00
5.424261651139508089e-01
-2.662107335269039976e-01
