-7.863482375749646369e-01
2.172643163302817870e-01
8.554121176052106312e-01
8.934654850619112576e-01
-9.188528498634339625e-01
1.042301468918755206e-02
1.562270549358916183e+00
8.073571965627587832e-02
-2.818463190437093813e-01
1.701358838044508826e+00
2.861433385620578904e-02
4.202074683630930285e-01
1.477028353244547176e+00
6.302823940753630172e-01
4.776431575142278119e-01
-3.942750849683200887e-01
2.752425724143914842e-01
7.877062815702970955e-01
1.502312297344307324e-01
1.137417990489892006e+00
3.289387850866598018e-01
3.495373681346828354e-01
5.301049591950660611e-01
2.395419814430322925e-01
1.004381314519722901e+00
1.200864491204071349e+00
5.652547406398436003e-01
6.377132550162922797e-01
9.923148936696822853e-01
5.502723200404703308e-01
8.219674016968273739e-03
8.769933431752542363e-01
8.620606512530838428e-01
4.811648618182942649e-01
2.819122884077616270e-02
1.018223216620009142e+00
3.948004345503817181e-01
2.420399547665304241e-01
6.023446041709783483e-01
1.276775337307323843e+00
2.754353360368246850e-01
-2.255006703846602067e-01
-5.261915906695137091e-01
5.713232360720410519e-01
1.131628975711337803e+00
-3.906144073363977398e-01
5.814684282904385437e-01
4.950191705257688257e-01
2.696204455189280536e-01
-1.871661692691782009e-01
9.118467286530526072e-01
9.525650074706638604e-01
6.720533703342970178e-01
1.878414434636347108e-01
7.822684980971411628e-01
-1.349790222834220010e+00
2.013630111758066277e-01
5.099639442083290231e-01
-4.634784618990991367e-01
-9.668304035096967342e-01
-1.042071642978799062e+00
8.053994071352981177e-01
-5.817457512223805915e-01
-1.380741878257362720e-01
2.834181772121139309e-01
1.243984326335894730e+00
2.644121117779318353e-01
5.543605141090397065e-02
1.649541187075451720e-01
6.151886449426828829e-01
2.084900832874990104e-02
4.874279871775749062e-01
