-1.563702983714361672e+00
5.717007990764417791e-01
8.554398117631457632e-01
1.243063042034612958e-01
7.940798108525243260e-01
3.648273382246734475e-01
3.206097867477062380e+00
-5.225961788342677883e-01
1.431084882814362080e+00
-1.290330458961245694e-02
-6.291830966596062558e-01
-1.831134179445794430e-01
-8.883607591333013420e-02
8.493554007785885096e-01
-1.801445517240508054e-01
1.418365912155488573e+00
2.752779898958868099e-01
1.006815538446219183e+00
-7.464834960065496183e-01
1.994653635527339430e+00
3.289816281894821781e-01
-1.175688734683245640e+00
1.523449980750294808e+00
1.096761835356020232e+00
6.650000003406281168e-01
2.120130786791063926e+00
1.558512817520627536e+00
2.717916714067173611e+00
2.618244406376069033e-01
1.469562513173615192e+00
-3.834627795524726823e-02
-8.368591750610672453e-02
1.315339676946348790e-01
-1.516373722258967938e+00
2.823635880058005670e-02
5.750166197551388747e-02
