
Figur of merit = weighted_fidelity_chi
Problem = squares
Number of qubits = 2
Entanglement = y
Number of layers = 10
Minimization method = L-BFGS-B
Random seed = 30

BEST RESULT


THETA = 
[[[-0.29187499  0.41220638  0.8554118 ]
  [ 0.66455547  0.18539614  0.20536682]
  [ 0.85685549 -0.26535872  0.82240071]
  [ 0.89454726  1.07441185  0.07411061]
  [ 0.15902568  0.65159307  1.52344069]
  [ 0.09209405  0.51929819  0.8090173 ]
  [ 0.29239169  1.42009622  0.57299454]
  [-0.65636076 -0.03729074  0.5222201 ]
  [ 0.72225956  1.25414988 -0.00214335]
  [ 1.89289744  1.55559029  0.60355567]]

 [[ 0.87188914  0.57146877  0.43880563]
  [ 0.86708339 -0.45444003  0.71269814]
  [ 0.34100916  0.6235666   0.11971238]
  [ 1.58277805  0.32529853  0.15602519]
  [ 0.80400577 -0.01921824  1.18149202]
  [-0.33296633  0.17409005 -0.09552188]
  [ 0.1832712   0.18669946  0.50446694]
  [ 0.02672218  0.56051598  0.56170647]
  [ 1.08580526 -0.20759582  0.08982495]
  [ 1.07261719  1.05769541  0.17536255]]]
ALPHA = 
[[[ 1.46163337 -0.450181  ]
  [ 0.22014528  0.85554195]
  [ 1.49413019  1.72063229]
  [ 0.5853307  -0.07647789]
  [-0.11287943  0.93565016]
  [-1.40368246  1.42141682]
  [ 1.21830442  0.54390977]
  [-0.60154506  0.26566186]
  [ 0.73388859 -0.95472308]
  [ 0.3113005   0.32641941]]

 [[ 0.43320617  0.84916725]
  [ 0.54718164  0.81082628]
  [ 0.95518159 -0.77504372]
  [ 1.26112015 -1.24769956]
  [ 0.09298079  1.5381542 ]
  [ 0.58631507 -0.00866095]
  [ 1.3485839   0.5603042 ]
  [ 0.29405558  0.05528354]
  [ 0.07375054  0.6222545 ]
  [ 0.34270134  1.26478183]]]
WEIGHTS = 
[[-0.23385808  1.26641619]
 [-0.02367572  1.05480398]
 [ 0.73571189  0.36176769]
 [ 0.22003361  0.84406344]]
chi**2 = 0.016120262955231356
acc_train = 0.975
acc_test = 0.93825