-4.710798982443552968e-02
8.071035779189216219e-01
1.274099477248474610e+00
3.366680189943889734e-01
7.254169374532333237e-01
3.491567628446883287e-01
4.827899011521685213e-01
1.491417461098351327e-01
3.962287963949180924e-01
9.843826088343934355e-01
3.763014986948259311e-01
1.409179225753519837e+00
9.005645599789436906e-01
1.135453221440835714e+00
3.390899908687519115e-01
-1.474401777840736449e-01
2.669888661096597171e-01
8.884265609907894268e-01
1.017990855659601651e-01
2.444331143302870546e-01
2.673308054992504235e-01
7.127083106028506698e-01
7.888703912637866633e-01
6.629112969573596192e-01
8.832101818387356751e-01
4.186933897168916840e-01
9.197925422308931287e-01
3.581033075131722643e-01
1.981550093443242844e-01
-3.272058831776279708e-02
7.819156860282663324e-01
-2.205382588474815719e-01
5.558478939628426208e-01
2.972811177151903350e-01
7.547527807142256906e-01
7.471628078178166321e-01
9.093539550376232850e-01
2.589266301057125408e-01
5.040164901270480780e-01
6.236540341526892739e-01
1.315665831310048606e-01
7.736272349512877122e-01
2.676735817406280526e-01
3.684553837432391066e-01
3.126080571191456325e-01
6.722070059120882624e-01
-2.725820316553115297e-01
4.666258539178175790e-01
5.099287620907680951e-01
3.399784239137232933e-01
8.728585041524425936e-01
5.800223140577149827e-01
1.242341809895197491e+00
4.686047256625125446e-01
7.317565563559084163e-01
-1.031579708808702672e-01
5.338671578137774709e-01
3.984634813443276302e-01
-1.313830848174093735e-01
8.436468507480768264e-02
8.005534655718610226e-01
5.162652820633474304e-01
7.036368899990022019e-01
-1.538302518465407276e-01
1.292350268134057067e+00
1.510845697873952898e-01
1.310199520594565181e-01
1.730235263255652800e-01
1.352417696284059778e-01
5.019588633290270607e-01
5.824536238839085334e-01
5.194319456210628738e-01
1.440257983651025420e+00
5.475327687101616547e-01
1.428601711747687908e+00
7.496162647540476343e-01
1.421188194503209878e+00
-1.507118454356913551e-01
1.941186209848922151e-01
-4.699444945005172292e-01
