
Figur of merit = weighted_fidelity_chi
Problem = squares
Number of qubits = 4
Entanglement = y
Number of layers = 10
Minimization method = L-BFGS-B
Random seed = 30

BEST RESULT


THETA = 
[[[ 0.15937918  0.64717497  0.85541057]
  [ 0.81376247  0.07506234  0.44033553]
  [ 0.38217     0.65316958  0.71206779]
  [ 1.05596551  0.67656387  0.99263822]
  [ 0.38438345  0.44834706  1.12559319]
  [ 0.47009361  0.33885636  0.60577162]
  [ 0.85614005  0.98932137  0.39255141]
  [ 0.4329563   1.03076475  0.0914449 ]
  [ 0.4148696   0.56271616  1.0659127 ]
  [ 1.15702178  0.26651906 -0.0878777 ]]

 [[ 0.23750866  0.64211     0.43880405]
  [ 0.67260955  0.09799537  0.78333915]
  [ 0.358767    0.68931697  0.67214691]
  [ 0.94752507  0.02224787  0.22177598]
  [ 0.48168131  0.3042626   0.8784429 ]
  [ 0.34982862  0.19767563  0.22795928]
  [-0.19058942  0.1396099   0.52805252]
  [ 0.56240979  0.72497158  0.51461627]
  [ 0.48770028  0.14211623  0.25428052]
  [ 1.04363154 -0.54005109  0.52507537]]

 [[-0.61568429  0.40816531  0.38290537]
  [ 1.0547016   0.64823943  0.84675048]
  [ 0.62076     0.99368004  0.52977344]
  [ 0.22595551  0.2313191   1.42567156]
  [ 0.27548445  0.81629731  0.26017517]
  [ 0.77237978  0.88233624  0.05617948]
  [ 0.60427943  0.27686831  0.81363506]
  [ 0.42802845  0.81858449  0.16685815]
  [ 0.87486205  0.12646888  0.48099412]
  [ 0.52290457  0.32364429  0.5630836 ]]

 [[ 0.67392296  0.34907027  0.87342459]
  [-0.01764335 -0.11691558  0.06722684]
  [-0.44078422  0.50894948  0.71737045]
  [ 0.48876041  0.291676    0.4114414 ]
  [ 0.47564352  0.28194365  0.42414304]
  [ 0.85857038  0.22504473  0.88965357]
  [-0.54079501  0.35897885  0.3507536 ]
  [ 0.20010046  0.72460869  0.54382481]
  [ 1.00997087  0.48816423  0.9302978 ]
  [ 0.4959909   0.39567999  0.67419767]]]
ALPHA = 
[[[-0.04710799  0.80710358]
  [ 1.27409948  0.33666802]
  [ 0.72541694  0.34915676]
  [ 0.4827899   0.14914175]
  [ 0.3962288   0.98438261]
  [ 0.3763015   1.40917923]
  [ 0.90056456  1.13545322]
  [ 0.33908999 -0.14744018]
  [ 0.26698887  0.88842656]
  [ 0.10179909  0.24443311]]

 [[ 0.26733081  0.71270831]
  [ 0.78887039  0.6629113 ]
  [ 0.88321018  0.41869339]
  [ 0.91979254  0.35810331]
  [ 0.19815501 -0.03272059]
  [ 0.78191569 -0.22053826]
  [ 0.55584789  0.29728112]
  [ 0.75475278  0.74716281]
  [ 0.90935396  0.25892663]
  [ 0.50401649  0.62365403]]

 [[ 0.13156658  0.77362723]
  [ 0.26767358  0.36845538]
  [ 0.31260806  0.67220701]
  [-0.27258203  0.46662585]
  [ 0.50992876  0.33997842]
  [ 0.8728585   0.58002231]
  [ 1.24234181  0.46860473]
  [ 0.73175656 -0.10315797]
  [ 0.53386716  0.39846348]
  [-0.13138308  0.08436469]]

 [[ 0.80055347  0.51626528]
  [ 0.70363689 -0.15383025]
  [ 1.29235027  0.15108457]
  [ 0.13101995  0.17302353]
  [ 0.13524177  0.50195886]
  [ 0.58245362  0.51943195]
  [ 1.44025798  0.54753277]
  [ 1.42860171  0.74961626]
  [ 1.42118819 -0.15071185]
  [ 0.19411862 -0.46994449]]]
WEIGHTS = 
[[-0.48777731  0.28603154 -0.13724602  1.43155207]
 [ 0.31769083 -0.25826097 -0.48981361  1.442566  ]
 [ 1.24398844  0.24853068  0.02034498 -0.21430257]
 [ 0.14030688  1.58385677  0.39822778 -0.57479664]]
chi**2 = 0.013283319438546597
acc_train = 0.98
acc_test = 0.9335