8.951969471987236693e-01
-1.356880152924864746e-01
9.297936861168761002e-02
1.495028818704616236e-01
-1.602406114237580059e-01
2.768595314800533225e-01
1.329455104615986372e+00
6.443567737684304797e-01
4.224161142477864811e-02
-8.820991033991144592e-01
1.303623539961497046e+00
7.314756920866393175e-01
1.046208038632787884e+00
-1.420214882073019269e-01
1.725355804870525533e+00
1.445461339947707646e+00
7.017435505406536267e-01
2.713723678538200179e-01
-5.007619369538495596e-02
1.330581211378182083e+00
2.777758357887705198e-01
-1.079441568523166639e+00
1.307523373215044415e+00
1.381894011074914275e+00
2.407495513412162502e+00
8.235946186319603735e-01
1.846714080214544529e+00
-7.915808561144864752e-01
1.371603154755487664e+00
9.997163056600683051e-01
1.391966263719948693e-01
2.031906865323761302e+00
9.484195109779030020e-01
1.484859850988125007e+00
1.068254181264240571e-01
1.980140613808496708e+00
