-1.431160346016467688e+00
1.559747137811965612e+00
6.216247052481704838e-01
1.087609796282344110e+00
-2.371865155144621706e+00
3.898876220558247785e-02
9.259098027754462112e-01
6.610992764598021543e-01
1.246916741793523409e+00
-7.179790185060226371e-01
-1.243539374386125163e+00
6.523928497131362692e-01
2.218952879646400589e-01
1.574146678064247240e+00
7.863381500590627127e-01
2.775500845093024638e-01
7.956932486021652817e-01
3.484014581526239662e-01
1.261107761388051973e-01
2.796669222242079700e-01
6.257289839804244247e-01
3.380099157745083960e-01
2.537140696857791422e-01
-1.516102139743103761e-01
2.970755781288931807e-01
2.285266841741290800e-01
4.039254568878347662e-02
-1.619380054263550583e-01
-1.146925248152094456e-01
2.058269515840757402e-01
-4.483410916321452222e-02
-9.708510962334320205e-01
2.488935764042076726e-01
4.274427503199015321e-01
9.697092057252653108e-01
-8.715645166514907061e-01
