1.530231455953654229e-01
3.542545797034405641e+00
1.103431921559802076e-01
-1.820030084817273242e+00
2.296113976235427678e+00
3.701185797031699920e+00
8.972681005349347316e+00
-1.330824135385135776e-01
6.830754111351625468e+00
8.801028506262568163e-01
4.938163664069374903e+00
-2.343497326946543391e-01
1.066929564359393456e-01
-8.868370055492299509e-01
4.887463017250942343e+00
6.050787156577660530e-01
2.978159777402594396e-02
-5.005906419836412269e-01
-2.456650483448720834e+00
1.243279068683176836e-01
