-2.312509604186252954e+00
6.619925025492929826e-01
6.216274453658554577e-01
1.857327544471646386e+00
2.958755171870699474e+00
1.772885941649383179e+00
1.042636965018082895e+00
-2.418057851854178431e-01
-2.215494798888247713e-02
1.309393626156097667e+00
-3.212830398334971971e+00
1.913886538230835654e+00
-1.367589979123396748e+00
2.920474549219199023e+00
1.562115494880465638e+00
3.018634055483510603e-01
7.956994013040854519e-01
-1.073422818696667669e+00
-2.087299054954101507e+00
-1.842017916394385890e-01
6.257457783849431632e-01
9.174564119424474251e-01
3.104798570645266320e+00
1.929805183453068063e+00
1.990422570751114728e+00
-9.129330959349635233e-01
2.429335582939763927e-01
2.332295486096906068e+00
1.057818127583512791e+00
1.982063410858578623e+00
-1.170971763939740784e+00
1.169998266919927810e+00
4.184341916789697247e-01
1.472474472480836294e+00
9.697301031030682861e-01
-1.683739082592547343e+00
