1.342113217763239996e+00
-2.460379656847686558e-01
9.300809931744395687e-02
2.103916947551391026e+00
-1.091289653832123036e-01
1.665173329883496423e-01
1.766571146134825021e+00
-4.452920448594349656e-02
9.335507962619810085e-02
2.811966888186465674e-01
-1.782360314612136676e-01
4.257763012151907084e-02
-2.659432296592320055e-01
1.325105744168728616e+00
2.435159591781490829e-01
2.142807972615077716e+00
7.017542230562547889e-01
1.738467316622588577e+00
1.173997516737836699e+00
1.455993564445467840e-03
2.778066341612556167e-01
1.788357168839247668e+00
-2.971740043461297831e-01
5.277682243561936798e-02
2.572768488154540290e+00
-8.132484221319671858e-02
2.419736897934398057e-01
-3.707893578008042978e-01
1.521102437231582061e-01
9.482840300630036856e-02
-1.680470819662527759e+00
1.580220366001085619e+00
-2.710398807177778480e-01
3.880825506198360975e-01
1.068522898790723319e-01
1.528436481907915034e+00
