
Figur of merit = weighted_fidelity_chi
Problem = wavy lines
Number of qubits = 4
Entanglement = y
Number of layers = 8
Minimization method = L-BFGS-B
Random seed = 30

BEST RESULT


THETA = 
[[[ 8.67107614e-01  6.23109587e-01  8.55411055e-01]
  [ 3.65103406e-01 -3.81060394e-02  4.16269926e-01]
  [ 9.85583725e-01  9.67213682e-01  5.98899982e-01]
  [ 1.64401911e-01  3.14527561e-01  1.30668286e+00]
  [ 9.41842839e-01  4.39534063e-01  7.63556547e-01]
  [ 2.13400944e-01  1.24427349e-01  5.96959067e-01]
  [ 5.89016337e-01  5.92902957e-01  1.78122621e-01]
  [ 8.33920879e-01  5.22663748e-01 -3.04973310e-01]]

 [[ 1.11011104e+00  8.99161001e-01  5.12539651e-01]
  [ 8.22753990e-01  5.99330883e-01  2.48566460e-01]
  [ 3.39569893e-01  4.83887971e-01  4.69078370e-01]
  [ 4.60150392e-01  1.07334852e-04  6.25115884e-01]
  [ 5.23025058e-02  4.77935713e-01  5.74258875e-01]
  [ 5.68002810e-01  3.95691343e-01  1.03953488e-02]
  [ 7.65638591e-01  8.37133192e-01  1.25188608e+00]
  [ 4.38500104e-02  6.17859051e-01  7.60829360e-01]]

 [[ 8.68156767e-01 -5.50924182e-02  8.38834463e-01]
  [ 8.79380233e-01  4.87807600e-01  3.19913347e-01]
  [ 6.81409594e-01  2.46571877e-01  1.71168545e-02]
  [ 1.47869076e+00  7.75442316e-01  6.29531248e-01]
  [ 5.45091088e-01  6.09984079e-01  6.57172335e-01]
  [ 4.13138607e-01  5.95776224e-01  1.04856958e+00]
  [ 1.14340910e+00  5.24272568e-01  4.77309788e-01]
  [-4.07663571e-03  3.83282249e-01  9.56264359e-01]]

 [[ 1.31434267e+00  7.50683744e-01  4.97046713e-02]
  [ 3.77098986e-01  7.64221713e-01 -9.43430915e-03]
  [ 1.46281362e+00  1.73886140e-01  6.95519872e-01]
  [-1.35697715e-01  5.33845074e-01  6.38765996e-02]
  [ 3.55417058e-02  2.35914853e-01  1.96254260e-01]
  [ 1.29223540e-01  4.23813714e-01  6.72529236e-01]
  [ 2.02490004e-01  4.31934049e-01  9.48004891e-01]
  [ 3.33146540e-01  9.97668707e-01  1.50089785e-01]]]
ALPHA = 
[[[ 0.12384903  0.32592876]
  [ 0.60147653  0.54119075]
  [-0.51881105 -0.09031584]
  [ 1.48278213  0.11351963]
  [ 0.17149668  0.14588786]
  [ 0.07462092  0.76357912]
  [ 0.74032845 -0.45706346]
  [ 1.05144708  0.46346035]]

 [[ 1.19312257  0.40292873]
  [-0.08600701  0.72983582]
  [ 0.8260774  -0.41169744]
  [ 0.7775172   0.81512441]
  [ 0.04033893  0.62120596]
  [ 1.07684249  0.46119183]
  [ 0.06828631  0.70866553]
  [ 0.43622741  0.42567026]]

 [[ 0.43565515  0.43849574]
  [ 0.77999957  1.27146741]
  [ 0.97550468  0.68908252]
  [-0.39511223 -0.20284624]
  [ 0.04169327  1.11757292]
  [-0.32287151  0.45671622]
  [ 0.81028199  0.23770017]
  [ 1.04307344 -0.09129059]]

 [[ 1.57599238  0.24542471]
  [ 0.89434911  1.33113456]
  [ 0.05264029 -0.35236182]
  [ 0.22981817 -0.46073895]
  [ 0.1171324   0.49626298]
  [ 0.29690672  0.52145951]
  [ 1.37347387 -0.0640752 ]
  [ 0.98381594  0.22399085]]]
WEIGHTS = 
[[ 1.84613097  0.20874075 -0.39651211 -0.61398839]
 [ 0.85625842  0.4935776  -1.09340249  0.80472662]
 [ 0.66278599 -0.94552926  0.28547893  0.97070369]
 [ 1.33827644  0.46461831  1.13098109 -1.39243391]]
chi**2 = 0.01794747016747775
acc_train = 0.96
acc_test = 0.939