8.671076141102583845e-01
6.231095872911346367e-01
8.554110554928078258e-01
3.651034055252532773e-01
-3.810603941428087477e-02
4.162699262401733380e-01
9.855837253409419629e-01
9.672136816886630628e-01
5.988999816956710465e-01
1.644019107594235363e-01
3.145275606861870910e-01
1.306682858436783556e+00
9.418428386344744885e-01
4.395340628685326378e-01
7.635565471476372101e-01
2.134009435947106237e-01
1.244273490767000140e-01
5.969590665373865068e-01
5.890163368719530945e-01
5.929029568266489525e-01
1.781226211160446271e-01
8.339208790500233226e-01
5.226637482213610797e-01
-3.049733103863142003e-01
1.110111044154540094e+00
8.991610009125102776e-01
5.125396513876442350e-01
8.227539895528644953e-01
5.993308832696534472e-01
2.485664595052908266e-01
3.395698931606724869e-01
4.838879713631123458e-01
4.690783704607475735e-01
4.601503915517564103e-01
1.073348517947269286e-04
6.251158839034774983e-01
5.230250575939285329e-02
4.779357133246382450e-01
5.742588748652476260e-01
5.680028096261875437e-01
3.956913433729950524e-01
1.039534877031457645e-02
7.656385906942615449e-01
8.371331924205659414e-01
1.251886078930703805e+00
4.385001043702545925e-02
6.178590513527416617e-01
7.608293601799279715e-01
8.681567666840993569e-01
-5.509241815227038097e-02
8.388344631806609053e-01
8.793802333553443207e-01
4.878076003692800033e-01
3.199133472875281825e-01
6.814095936295111455e-01
2.465718769199910232e-01
1.711685445481907208e-02
1.478690763711024703e+00
7.754423162112931145e-01
6.295312476450601880e-01
5.450910879930823683e-01
6.099840788843003958e-01
6.571723350656646367e-01
4.131386068737150086e-01
5.957762237084038848e-01
1.048569575964561240e+00
1.143409095884877491e+00
5.242725680318438553e-01
4.773097880602697463e-01
-4.076635713117791708e-03
3.832822489756230189e-01
9.562643589325929838e-01
1.314342671983301347e+00
7.506837435137979631e-01
4.970467133203022164e-02
3.770989864122210045e-01
7.642217127652477515e-01
-9.434309145203649549e-03
1.462813624417587333e+00
1.738861403218363022e-01
6.955198718842658945e-01
-1.356977145425180276e-01
5.338450741120276399e-01
6.387659956213127821e-02
3.554170576761533917e-02
2.359148528970987369e-01
1.962542601638345152e-01
1.292235399949847596e-01
4.238137136928208371e-01
6.725292356161747254e-01
2.024900042221648711e-01
4.319340491687826966e-01
9.480048910205745027e-01
3.331465398666005329e-01
9.976687069392871088e-01
1.500897854416850807e-01
