1.238490309834515551e-01
3.259287622710447807e-01
6.014765286995397142e-01
5.411907499924054621e-01
-5.188110467229727352e-01
-9.031584433719204441e-02
1.482782126528298106e+00
1.135196296939400135e-01
1.714966836154822039e-01
1.458878644286741300e-01
7.462091601532587493e-02
7.635791174684714022e-01
7.403284477505905903e-01
-4.570634557912648388e-01
1.051447077795649720e+00
4.634603506765137548e-01
1.193122570220042755e+00
4.029287275071984364e-01
-8.600701166568835987e-02
7.298358186387180480e-01
8.260773995521539792e-01
-4.116974370305300224e-01
7.775171985705793265e-01
8.151244122541220216e-01
4.033892910828919959e-02
6.212059633543957071e-01
1.076842489047773910e+00
4.611918292456193003e-01
6.828630839407857922e-02
7.086655319155633626e-01
4.362274096388854550e-01
4.256702576073899680e-01
4.356551454293137726e-01
4.384957400705806196e-01
7.799995722915054053e-01
1.271467413721501627e+00
9.755046825591729975e-01
6.890825189687702634e-01
-3.951122291270166009e-01
-2.028462444349594662e-01
4.169327441496428061e-02
1.117572923158606013e+00
-3.228715099458155380e-01
4.567162172212958504e-01
8.102819915291238351e-01
2.377001735628569423e-01
1.043073438506460171e+00
-9.129059238984074676e-02
1.575992380640775403e+00
2.454247078590421904e-01
8.943491071611786580e-01
1.331134562137871180e+00
5.264028915302981781e-02
-3.523618219655607064e-01
2.298181651117282009e-01
-4.607389548174817828e-01
1.171323963619450848e-01
4.962629759277193964e-01
2.969067169463069367e-01
5.214595133484816181e-01
1.373473866822935152e+00
-6.407520371161160022e-02
9.838159370848101881e-01
2.239908507689028494e-01
