-1.204770159304229926e+00
-3.316771367816292448e-01
8.554079393278043453e-01
-4.479630770258166694e-01
1.192114217249543362e+00
-5.385174219699939702e-01
1.185177100810881345e+00
-2.677384055028239063e-01
1.829118575991826257e+00
1.823441389587467931e+00
5.255759420574901419e-01
7.172912691211021097e-02
3.089097230932397409e+00
4.085737399728627262e-01
9.746113823224453743e-01
-1.256798671198864570e+00
1.062958025111803706e-01
5.660004433131520241e-01
1.114683581479176455e+00
1.088218448756805179e+00
1.599893576983089372e-01
1.329755984764234178e+00
4.773888404774093153e-01
1.903425081340048841e-01
