-2.870945773085064601e-01
8.490179193963175441e-01
5.992572311993451528e-01
3.560498078245105669e-01
8.682118651352729310e-01
6.002251302675000177e-01
6.374335954628042311e-02
2.268722723513041384e-01
5.539601468962114250e-01
4.786948240209508709e-01
6.689884021130790837e-01
2.072883829778386922e-01
1.286955454830820855e+00
6.475165973983145751e-01
6.539773723809075845e-01
9.519718190898622534e-02
4.620083341433393609e-01
4.178173474350616590e-01
-4.991286417738525771e-01
9.201371453914392040e-01
4.856776009305648345e-01
8.839465079203966402e-01
9.258613256126848601e-01
6.049431705283085936e-01
1.017831116886378728e+00
5.556590989291674276e-01
3.994538245335424453e-01
1.777060712486517452e-02
2.327447308825252303e-01
-3.338555117239502823e-01
9.020427439899402211e-01
-3.045569465792957731e-01
4.308322625653353000e-01
5.209932649186342912e-01
2.846330562685808196e-01
5.702372501821739714e-01
7.240535699501676747e-01
6.449093110365979042e-02
7.708958523668948404e-01
4.853387910064401733e-01
5.091194694235363638e-01
8.476892445102114371e-01
2.055358187999389019e-01
4.444998838251499329e-01
4.781860818618831610e-01
8.535843507877635128e-01
-1.327238578273190195e-01
5.896164646822427829e-02
7.539686979089416097e-01
3.599459020572468027e-01
-3.620051265349643610e-01
7.520785061419861250e-01
9.886207900300555407e-01
3.438022743672091708e-01
3.735237469946274813e-01
-8.640161217976916053e-02
5.374671468704434601e-02
3.677153825467203707e-01
1.061436512479487559e+00
1.433078623536309382e-01
7.296785121808500030e-01
1.024708127173899586e+00
7.253564483993377721e-01
1.603259777485915305e-01
8.438731619992567712e-01
1.465776532511870178e-01
5.245460419994204537e-01
8.078408752979669705e-02
3.960674705816544239e-02
6.693891644666641882e-01
2.493218650851060647e-01
2.079687683288842029e-02
1.128889526959377942e+00
6.800973270590638942e-01
1.146880809785972399e+00
7.249443947437759217e-01
1.013566626030693918e+00
8.441579353495270999e-01
1.133743201460478245e+00
-2.653698844285200531e-01
