3.056782792462892084e-01
3.171140648681084473e-01
8.554102621232601011e-01
6.562591038437789459e-01
-5.074963878404894491e-01
1.102740740218926402e-01
1.616787294817214171e+00
4.781979773579537740e-01
1.295089909081464374e-01
4.872546514006402263e-01
3.918528710265152259e-01
8.176669493169951286e-01
1.077966514047360658e+00
4.143858690201246420e-01
8.408822258281422046e-01
1.058760369891637437e-01
6.562151822100468213e-01
5.718102211101852017e-01
1.927645026057832889e-01
9.760046312832775239e-01
7.099106877069173427e-01
9.110721630774029633e-02
1.126778834105608557e-01
7.812816464827863905e-02
1.117057773937362386e+00
5.574354877937864883e-01
1.478262523708281095e-01
1.504294689159610510e+00
5.366702929572637615e-01
-9.315869715342962876e-02
8.932295130800657068e-01
6.991670713287422290e-01
4.388036747294623563e-01
8.516901794246306209e-03
-1.068951969414779213e-01
8.403960906662552022e-01
3.403708744363607708e-01
2.488997039421169399e-01
4.672574597039855782e-01
3.690140681080070206e-01
-7.886706688535546905e-02
-2.186404380349576126e-01
2.217028461648253290e-01
6.806200222896321428e-01
7.773274281213881087e-01
5.640673233084295690e-01
6.374817306861563226e-01
6.043160514536898287e-01
-9.596632883668261560e-02
2.533000810312645568e-01
9.678587690180038283e-01
3.257315833292126483e-01
4.584998872924416768e-01
6.283065714177523686e-01
4.058155639039149887e-01
5.624872794441448248e-02
-1.219107219116953925e-02
5.917913958864540191e-01
5.313195449699097822e-02
4.392079426404816855e-01
-8.898213390485880392e-02
4.992885853018229070e-01
3.829054507931984874e-01
5.466752772867560228e-01
1.375891378731339820e-01
9.378744473435084439e-01
7.549238953850025968e-01
4.572481939632097037e-01
1.912273839283209001e-02
6.614701644590967877e-01
-6.990494799930101200e-02
8.892398153258270765e-01
6.769158507554198234e-01
8.745509457740520132e-01
-4.104915758277168092e-02
-3.014153351840666017e-01
7.871052674162656304e-01
1.144339236301724488e-01
1.545119746044734121e+00
6.529736771904054438e-01
7.184036999806910906e-01
6.509459615612598338e-01
6.126157023982654604e-01
5.429636219462234958e-01
-6.497113291355882669e-02
3.262125101511596514e-01
2.750251176130023567e-01
-2.451901791124797558e-01
5.491246195410001141e-01
7.628268032456223535e-01
5.434651466778837037e-01
2.646350620583574620e-01
8.734248711479902783e-01
5.683070645762042794e-01
-1.936568286833456054e-01
-1.720833208236327919e-02
-4.747007428230909931e-01
4.925654303991392480e-01
6.406291589003778597e-01
5.478793014763584379e-01
1.226645624989800287e-01
3.950571118950716443e-01
9.958687436284605621e-01
5.682637497338055566e-01
2.551316150391483295e-01
4.862755559688971413e-02
2.299253931268410711e-01
1.175973502816204386e+00
-6.415820190509539944e-02
-3.889035620055639741e-01
3.556344630888303993e-01
1.406671677635791366e-02
6.300869893353694406e-01
-2.040577091262070486e-01
1.152433918050477457e+00
7.815402607187906803e-01
8.357763103546894667e-01
-5.213043302359473552e-01
2.897680120909537083e-01
9.675736236022347558e-01
