
Figur of merit = weighted_fidelity_chi
Problem = wavy lines
Number of qubits = 4
Entanglement = y
Number of layers = 10
Minimization method = L-BFGS-B
Random seed = 30

BEST RESULT


THETA = 
[[[ 0.30567828  0.31711406  0.85541026]
  [ 0.6562591  -0.50749639  0.11027407]
  [ 1.61678729  0.47819798  0.12950899]
  [ 0.48725465  0.39185287  0.81766695]
  [ 1.07796651  0.41438587  0.84088223]
  [ 0.10587604  0.65621518  0.57181022]
  [ 0.1927645   0.97600463  0.70991069]
  [ 0.09110722  0.11267788  0.07812816]
  [ 1.11705777  0.55743549  0.14782625]
  [ 1.50429469  0.53667029 -0.0931587 ]]

 [[ 0.89322951  0.69916707  0.43880367]
  [ 0.0085169  -0.1068952   0.84039609]
  [ 0.34037087  0.2488997   0.46725746]
  [ 0.36901407 -0.07886707 -0.21864044]
  [ 0.22170285  0.68062002  0.77732743]
  [ 0.56406732  0.63748173  0.60431605]
  [-0.09596633  0.25330008  0.96785877]
  [ 0.32573158  0.45849989  0.62830657]
  [ 0.40581556  0.05624873 -0.01219107]
  [ 0.5917914   0.05313195  0.43920794]]

 [[-0.08898213  0.49928859  0.38290545]
  [ 0.54667528  0.13758914  0.93787445]
  [ 0.7549239   0.45724819  0.01912274]
  [ 0.66147016 -0.06990495  0.88923982]
  [ 0.67691585  0.87455095 -0.04104916]
  [-0.30141534  0.78710527  0.11443392]
  [ 1.54511975  0.65297368  0.7184037 ]
  [ 0.65094596  0.6126157   0.54296362]
  [-0.06497113  0.32621251  0.27502512]
  [-0.24519018  0.54912462  0.7628268 ]]

 [[ 0.54346515  0.26463506  0.87342487]
  [ 0.56830706 -0.19365683 -0.01720833]
  [-0.47470074  0.49256543  0.64062916]
  [ 0.5478793   0.12266456  0.39505711]
  [ 0.99586874  0.56826375  0.25513162]
  [ 0.04862756  0.22992539  1.1759735 ]
  [-0.0641582  -0.38890356  0.35563446]
  [ 0.01406672  0.63008699 -0.20405771]
  [ 1.15243392  0.78154026  0.83577631]
  [-0.52130433  0.28976801  0.96757362]]]
ALPHA = 
[[[-0.28709458  0.84901792]
  [ 0.59925723  0.35604981]
  [ 0.86821187  0.60022513]
  [ 0.06374336  0.22687227]
  [ 0.55396015  0.47869482]
  [ 0.6689884   0.20728838]
  [ 1.28695545  0.6475166 ]
  [ 0.65397737  0.09519718]
  [ 0.46200833  0.41781735]
  [-0.49912864  0.92013715]]

 [[ 0.4856776   0.88394651]
  [ 0.92586133  0.60494317]
  [ 1.01783112  0.5556591 ]
  [ 0.39945382  0.01777061]
  [ 0.23274473 -0.33385551]
  [ 0.90204274 -0.30455695]
  [ 0.43083226  0.52099326]
  [ 0.28463306  0.57023725]
  [ 0.72405357  0.06449093]
  [ 0.77089585  0.48533879]]

 [[ 0.50911947  0.84768924]
  [ 0.20553582  0.44449988]
  [ 0.47818608  0.85358435]
  [-0.13272386  0.05896165]
  [ 0.7539687   0.3599459 ]
  [-0.36200513  0.75207851]
  [ 0.98862079  0.34380227]
  [ 0.37352375 -0.08640161]
  [ 0.05374671  0.36771538]
  [ 1.06143651  0.14330786]]

 [[ 0.72967851  1.02470813]
  [ 0.72535645  0.16032598]
  [ 0.84387316  0.14657765]
  [ 0.52454604  0.08078409]
  [ 0.03960675  0.66938916]
  [ 0.24932187  0.02079688]
  [ 1.12888953  0.68009733]
  [ 1.14688081  0.72494439]
  [ 1.01356663  0.84415794]
  [ 1.1337432  -0.26536988]]]
WEIGHTS = 
[[ 1.14624084 -1.21091304  1.04831116  0.1257119 ]
 [ 0.05766493 -0.54355897  1.3016594   0.24621319]
 [ 0.06811083 -0.68752418  0.9687193   0.63209808]
 [ 2.04377606  0.2468391  -0.52064849 -0.64942323]]
chi**2 = 0.01604965515600778
acc_train = 0.965
acc_test = 0.9335