4.390137215155680117e+00
-1.220596694089666423e+00
2.478472303795131726e+00
4.557927386403950454e-01
3.663975845093630390e+00
3.072162369190862830e-01
2.684505794562303649e+00
3.731071363445301436e+00
-1.721792611741513435e+00
-4.775457946560338618e-01
8.411239384583788503e-01
3.796883974086663560e+00
8.676198467768229117e-01
-2.225371127008605399e+00
-1.416468482625455438e+00
4.347462195065038282e-01
1.801530476065946296e+00
3.405678873854388389e+00
2.268113413063685080e+00
1.242827253565261941e-01
