-2.428171139753423802e+00
1.094402771373919725e+00
8.554072342730921763e-01
9.956845969873268087e-01
6.847610852021783767e-01
8.875595306511652183e-01
-1.178383933078930523e+00
-1.201019251914913433e+00
1.321762152735964424e+00
3.101058078084391600e-01
1.499090713681716647e+00
-8.615460205405367500e-01
-2.599913495219105530e-01
1.321052360104002954e+00
1.948123884451228749e+00
7.110915727154705213e-01
1.360895852656925475e+00
1.478478973596082602e+00
1.335284658752466713e+00
6.304522582417363408e-01
1.414589990748358339e+00
-1.488598918175918495e-01
-2.616126162709078717e-01
-2.674213845308096582e-01
1.791460884420166932e+00
2.403832614538966794e+00
-2.264636353712154992e-01
3.983051275481121145e+00
5.690571338255236977e-01
1.753240566116202048e+00
