1.812768327005446656e+00
-1.974029992473145256e-01
9.296896697839955592e-02
-4.021243627086937833e-01
-7.272132552737158029e-02
2.151447954379606675e-01
1.984917515872076876e+00
-1.386847340177383425e-01
1.297675547159538589e-01
-5.435839432419271172e-02
1.542724191737079753e+00
-5.156114947980335733e-02
-6.017870669617596535e-01
1.254700936675314127e+00
1.964448184270598530e+00
2.243630062559053506e+00
2.562672901374996592e-01
1.668093095421777639e+00
-9.478673830966423131e-01
1.481770429878817241e+00
-1.677081795747930870e-01
2.492763209239052813e+00
3.796938216560770130e-01
1.533089414244538817e+00
