1.218538577052429961e+00
2.018603270474915501e+00
9.188877655108840248e-01
2.208715383663127252e+00
1.954522718785978830e+00
7.039967849256710819e-01
-6.166589979515627595e-01
7.622855449611963818e-01
-1.268189810001754347e+00
1.424192323432351914e+00
-3.547951720208834647e+00
7.188883773008594158e-01
1.127801811494170359e+00
5.003682847072229656e+00
4.465236581308467678e-01
-1.553047841782075444e+00
2.451444193015143436e-01
-2.673595470775201211e+00
1.539640272706613820e-02
2.740090727421065520e+00
-3.146419627946550168e+00
1.333772381437019705e+00
2.533359671054972173e-01
8.171614444812061451e-02
