
Figur of merit = fidelity_chi
Problem = sphere
Number of qubits = 2
Entanglement = n
Number of layers = 8
Minimization method = L-BFGS-B
Random seed = 30

BEST RESULT


THETA = 
[[[ 1.61562578 -0.09657188  0.09297783]
  [ 1.51610672 -0.51556702  0.3159635 ]
  [ 1.80974142  0.60143209 -0.3130779 ]
  [ 0.9626065   0.97507757  0.68855681]
  [-0.43895294  0.29123828  1.39680571]
  [-0.43647016  1.10044573  0.70462051]
  [-1.37953638  1.18632378  0.67647226]
  [ 1.00452055  0.37970871  1.23764145]]

 [[ 1.65543209  0.48167283  0.91890171]
  [ 1.87997815  0.93498819  0.65778554]
  [ 0.49667651  0.57151962  0.51181189]
  [-1.19532698  0.28540492  0.51975561]
  [ 0.49540052  0.55031061  0.80021267]
  [ 0.66261018 -0.35653508  0.63573916]
  [ 2.07221622  1.61644812  0.08691784]
  [ 1.80849055  0.25333952  1.60772698]]]
ALPHA = 
[[[ 1.28415512 -1.19366119  0.20247363]
  [ 1.20435453  1.80510778 -2.05561628]
  [ 1.00551054  1.49583284 -1.43789319]
  [ 3.23055491  0.32943886  0.950009  ]
  [ 1.89987543 -1.52471679  0.30350513]
  [ 0.5496173   1.52568776 -1.24585377]
  [-1.28365612 -1.37836862 -0.57760916]
  [ 1.90639293  0.96972419 -1.89370773]]

 [[ 1.40844457  1.25130556  0.11398264]
  [ 1.09870582 -1.01603388 -0.96149937]
  [ 2.45277459 -1.52363939  2.11218172]
  [-0.99004806  1.41873793 -0.16036435]
  [ 2.37796721  1.33032916 -0.44303962]
  [ 1.8365554   2.32268086 -0.9577935 ]
  [ 1.25634286  1.4360186   1.10561558]
  [ 1.82386206  0.60294534  1.3386001 ]]]
chi**2 = -0.7842690852618791
acc_train = 0.9
acc_test = 0.8845