1.615625780314148496e+00
-9.657188032005555034e-02
9.297783479726716427e-02
1.516106722513289817e+00
-5.155670228874505989e-01
3.159635040201901335e-01
1.809741422641461872e+00
6.014320852838284104e-01
-3.130779021887156177e-01
9.626065003667930720e-01
9.750775682233975283e-01
6.885568105137698236e-01
-4.389529415195579931e-01
2.912382763178751888e-01
1.396805708801540646e+00
-4.364701587812861994e-01
1.100445726757685261e+00
7.046205120784384546e-01
-1.379536378207649960e+00
1.186323781535560506e+00
6.764722560144466046e-01
1.004520553168529950e+00
3.797087089003193805e-01
1.237641448336727512e+00
1.655432087367287419e+00
4.816728349187291425e-01
9.189017118674867035e-01
1.879978152595514596e+00
9.349881857080742931e-01
6.577855401282630687e-01
4.966765109177331272e-01
5.715196172059142654e-01
5.118118870219405814e-01
-1.195326982189816478e+00
2.854049196136618782e-01
5.197556108730112534e-01
4.954005214293579207e-01
5.503106080801725142e-01
8.002126731144663108e-01
6.626101750522868095e-01
-3.565350808590645459e-01
6.357391633178792745e-01
2.072216219292214667e+00
1.616448123896077282e+00
8.691784289972363797e-02
1.808490547554504113e+00
2.533395178902599354e-01
1.607726980018004959e+00
