8.475435289688642015e-01
-1.237903228803519440e+00
1.750247580565685412e+00
1.735583931929954193e+00
2.937096808271564830e-01
6.610304632323431573e-01
4.949298925529602156e-01
-1.273570312267145177e-01
3.257548959079127116e+00
3.365505507638995031e-01
2.276745004076721757e-01
1.023082343626083301e-01
2.353135670134753887e+00
-1.757520324660070798e+00
4.876882324697787707e-01
7.248621813831713778e-01
7.104028641612848416e-01
1.934132967220052235e+00
4.004084608079751528e-01
3.184152934158915871e-01
