-1.363688110641781137e-01
7.053212389841133634e-01
8.554004289547413320e-01
-1.638841309794148229e-02
4.753407677521032104e-01
4.985202006782157302e-01
-1.219707451153294181e-01
4.811785950663714506e-01
1.112337385469415407e+00
-6.469673146882738701e-02
8.610013633480980699e-01
8.206005376890148639e-01
1.536336485943795127e+00
7.115311749198202085e-01
1.310026925108387585e+00
-3.294278987869402042e-02
-4.750054425952821568e-01
8.689239704712035106e-01
4.385905660938440448e-02
9.944211152756333716e-01
-4.213184012699230929e-01
3.618127500283874892e-02
-1.940122678484083318e-01
9.651131636854543006e-02
-2.735990581750481071e-02
1.172782365641182434e+00
-1.588415541399962605e-01
1.547147982890265894e+00
5.690596226098577626e-01
5.221973369876460325e-01
4.681418145785329887e-01
7.666988470270355016e-01
4.387945633553537172e-01
6.706368132976442409e-01
4.981577470650398465e-01
9.079314311116821745e-01
1.024079031033593712e-02
3.385180955208238474e-01
1.072322500357132835e+00
1.592579099126572251e+00
6.603264988228890742e-01
-1.290131600116120325e-01
1.292194106381024943e+00
-3.432068930639659010e-01
1.516489250297333058e+00
-2.333631262465784423e-02
2.257633980760467840e-01
-4.195505427788632780e-01
-1.074141097585784577e+00
-2.456517283389088313e-01
5.561359357208880416e-01
2.958455070820853461e-02
1.750501543301145935e+00
1.293419626052578486e-01
9.124098912498874725e-01
-1.831583691606297193e-01
1.279803892340171778e+00
4.994436553768859949e-02
5.011792831080619237e-01
1.997683111326855887e-01
