2.451988258296240453e-01
-1.109260123837638029e-01
-7.358189787523645997e-02
-3.573726693768287666e-01
3.161119370744407964e-01
-2.180309435995004264e-01
-5.662792101741773859e-02
8.899047793420485075e-02
-5.557887536182550686e-03
2.501216868234200710e-02
1.177331207607275498e+00
4.706903002844486372e-01
1.739709788762826836e-01
2.301566664152198349e+00
-2.043853932938604068e-01
-1.022823971980297619e+00
-1.303635086021894263e-01
-1.721071551058164228e+00
3.997886080758422667e-02
2.900204241649964598e-01
-1.063978441789246165e+00
-4.903743921137542205e-01
3.072453784913343755e-01
2.615919039484335129e-01
1.848308920045368176e+00
1.802013838377841237e+00
-3.662383983282707645e-01
7.298158363194290343e-01
3.122670013659856636e+00
9.605473262965862347e-01
-1.233648977158195714e-01
5.989764897719697112e-01
2.965454136304946697e+00
1.030737097658117829e+00
2.963623321986700865e-01
6.094234911829862211e-01
-6.355368145676362213e-01
-4.244560644235055302e-01
2.077629253120117647e-01
4.087895372025616703e-01
