
Figur of merit = fidelity_chi
Problem = non convex
Number of qubits = 2
Entanglement = y
Number of layers = 10
Minimization method = L-BFGS-B
Random seed = 30

BEST RESULT


THETA = 
[[[-0.13636881  0.70532124  0.85540043]
  [-0.01638841  0.47534077  0.4985202 ]
  [-0.12197075  0.4811786   1.11233739]
  [-0.06469673  0.86100136  0.82060054]
  [ 1.53633649  0.71153117  1.31002693]
  [-0.03294279 -0.47500544  0.86892397]
  [ 0.04385906  0.99442112 -0.4213184 ]
  [ 0.03618128 -0.19401227  0.09651132]
  [-0.02735991  1.17278237 -0.15884155]
  [ 1.54714798  0.56905962  0.52219734]]

 [[ 0.46814181  0.76669885  0.43879456]
  [ 0.67063681  0.49815775  0.90793143]
  [ 0.01024079  0.3385181   1.0723225 ]
  [ 1.5925791   0.6603265  -0.12901316]
  [ 1.29219411 -0.34320689  1.51648925]
  [-0.02333631  0.2257634  -0.41955054]
  [-1.0741411  -0.24565173  0.55613594]
  [ 0.02958455  1.75050154  0.12934196]
  [ 0.91240989 -0.18315837  1.27980389]
  [ 0.04994437  0.50117928  0.19976831]]]
ALPHA = 
[[[ 0.24519883 -0.11092601]
  [-0.0735819  -0.35737267]
  [ 0.31611194 -0.21803094]
  [-0.05662792  0.08899048]
  [-0.00555789  0.02501217]
  [ 1.17733121  0.4706903 ]
  [ 0.17397098  2.30156666]
  [-0.20438539 -1.02282397]
  [-0.13036351 -1.72107155]
  [ 0.03997886  0.29002042]]

 [[-1.06397844 -0.49037439]
  [ 0.30724538  0.2615919 ]
  [ 1.84830892  1.80201384]
  [-0.3662384   0.72981584]
  [ 3.12267001  0.96054733]
  [-0.1233649   0.59897649]
  [ 2.96545414  1.0307371 ]
  [ 0.29636233  0.60942349]
  [-0.63553681 -0.42445606]
  [ 0.20776293  0.40878954]]]
chi**2 = -0.9284228979278801
acc_train = 0.98
acc_test = 0.95225