1.612669519807036211e+00
-2.049801138800511902e-01
9.298245422861695086e-02
1.658013824281495463e+00
5.136811008863856332e-01
2.075617956661662822e-01
1.553932687866553364e+00
1.526085480654343352e+00
7.161677817552385417e-01
-1.685706758890063606e+00
3.167716138528507974e-01
1.613196820134848775e+00
1.834728631798762999e+00
-1.857037685308260133e-01
7.385113242127239186e-01
2.134350635684376218e+00
7.017455909780161427e-01
2.276828447127510480e-01
-1.595260962157924123e+00
1.546534452452156261e+00
2.777722604393429440e-01
-1.462227869630762456e+00
3.796978640563297147e-01
1.597846151756802557e+00
