4.063788258757462524e-01
9.872412553577877281e-01
9.189047037692077424e-01
5.158643404183363979e-01
4.999987549712212598e-01
7.420821024736601323e-01
-1.445119718197906300e+00
-3.672165222181910105e-01
7.681091291678936173e-02
-3.155791058764443324e-01
1.068226353388018607e-01
1.147412243728968662e+00
-1.116286865615137985e-01
1.519486885725736203e+00
6.216324211800579036e-01
-5.550605206859599884e-03
4.172304859925897169e-01
-1.513957083764488232e+00
-2.871784565991038485e-01
9.984838906339663644e-01
8.606682802392879861e-01
6.456467747285241643e-01
2.533406700991595595e-01
7.524443465891689220e-01
