1.101868131248132432e+00
1.168931690886576336e+00
8.020656703317279312e-01
-4.211062934975179139e+00
-8.694477127716840892e-01
5.930218237532172004e-03
-9.857134842952377518e-01
-1.778000621595413611e+00
1.752089320928325922e+00
9.209977236533974931e-01
1.840093887125206829e+00
-2.032866700080580902e+00
2.698235828928492452e+00
1.697971763528239642e+00
2.840377378904441308e+00
8.466294371636573501e-02
3.042450325907720909e+00
-3.691856181858005903e-01
-4.586724048025114797e+00
1.672844078877712581e+00
