9.037655341023461686e-01
9.540808253793271743e-02
8.554129972524876502e-01
6.492590845664114596e-02
1.222303407080291171e+00
-1.114324208269412420e-01
1.708455943148899259e+00
6.987927499407502463e-01
1.859308349725782072e+00
5.991820419003985876e-01
5.255828593019771233e-01
1.038265069831500798e+00
-2.403795668537842267e-01
-9.757769590922157898e-02
9.746130693609871276e-01
2.866114826354726475e-01
-6.784738265237288957e-01
5.984481648669255638e-02
1.513906789510287787e+00
1.148828183185935936e+00
-6.247793128189962353e-01
1.058346203317376721e+00
4.773937954517908366e-01
2.509512133354344643e-01
-1.842244473816456035e-02
1.300828926872655167e+00
5.125401060710947920e-01
-4.953397505217429359e-02
5.393479745835919603e-01
6.502416964898807272e-01
-1.312304397404892020e-01
5.410738505513555952e-01
4.090998596526612685e-01
6.707993994419038375e-02
2.819018465519508576e-02
6.823074983830508256e-01
2.780318857362292784e-01
3.095995953180895599e-01
6.023444437359447567e-01
2.695944697300856507e+00
-6.944841769632594808e-01
-1.579411561036680178e-01
-5.128137565080228555e-01
5.911265963561727066e-01
1.617058378123665263e-01
-7.087551512303058576e-01
5.084606486440151896e-01
5.148180340099007823e-01
