-2.415258919669679427e-01
4.075354565451331790e-01
8.554084220796849269e-01
-1.216449601726654617e+00
1.212530168053855606e+00
2.006950951177698950e-01
5.051207149454555179e-01
4.822355716374118750e-01
1.849532515483287343e+00
-1.183583180612850505e+00
3.391294338140233289e-01
8.216996322526617380e-01
-2.366202836281863675e+00
9.089411422809386965e-01
7.881594117772809938e-01
1.084057034432596600e+00
3.428933445765974114e-02
1.066362810673094241e+00
1.599064677097077780e+00
2.191743035296541908e+00
8.798878895630336816e-02
-5.286517052581498621e-01
-1.425838443071100192e+00
1.293873173107158214e+00
