2.259726539234752085e+00
9.704699060245222109e-01
4.308180921422966742e-02
1.807846691722116095e+00
4.585511556807436939e+00
-9.066066849666122307e-01
4.893106047558190674e+00
4.188754931151395411e+00
4.547562460934726492e-01
-1.576490944784383119e+00
2.093006234605521154e+00
2.395300044683277563e-01
5.153640829490863773e+00
5.352598435025870405e-01
-3.288397400822375138e-02
-1.018618850814320798e+00
6.577686702024196919e+00
-2.431590019391200452e-01
3.273557621946292934e-02
-8.686663368437524957e-01
1.951700524834989237e+00
6.278707271864997219e-02
1.134674487264700771e+00
4.958134949312379414e-01
