
Figur of merit = weighted_fidelity_chi
Problem = crown
Number of qubits = 4
Entanglement = n
Number of layers = 8
Minimization method = L-BFGS-B
Random seed = 30

BEST RESULT


THETA = 
[[[ 2.36422646e-01  9.77647868e-01  8.55410806e-01]
  [ 1.60087757e-01  1.62172683e-01  7.70807968e-01]
  [ 7.45633073e-01  6.64180577e-01  7.99178049e-01]
  [-3.05390565e-01  7.62567679e-01  1.00364976e+00]
  [-4.32767755e-02  4.80501206e-01  1.21159729e+00]
  [ 8.64623330e-04  4.08794087e-01  6.37925579e-01]
  [ 5.66580841e-01  1.10895471e+00  4.62490865e-01]
  [ 3.16635570e-01  4.77390801e-01  2.11077120e-01]]

 [[ 2.65702611e-01  1.08402766e+00  5.12538517e-01]
  [ 4.63391620e-01  5.73922694e-01  4.33434209e-01]
  [ 1.33849380e-01  5.83498939e-01  4.43669810e-01]
  [ 2.80780474e-01 -3.43364277e-02  7.24727127e-01]
  [ 4.63331701e-01  3.79348463e-01  5.39815473e-01]
  [ 1.20572497e+00 -9.78198856e-02 -8.81910454e-02]
  [ 7.78430807e-01  4.22148413e-01  7.58375591e-01]
  [ 6.99918810e-02  5.08456830e-01  3.45844619e-01]]

 [[ 1.26442912e+00 -3.27811921e-01  8.38834496e-01]
  [ 1.06840464e+00  4.76707390e-02  4.71946551e-02]
  [ 9.51301662e-02  9.84925515e-02 -4.23019153e-01]
  [ 2.51079544e-01  6.44173217e-01  4.81451687e-01]
  [ 4.70506063e-01  7.80452392e-01  5.25903032e-01]
  [ 7.14666318e-01  8.91260130e-01  1.21903828e+00]
  [ 7.78990022e-02  2.09645487e-01  7.72793295e-01]
  [ 1.00275632e+00  2.08487333e-02  6.41638243e-01]]

 [[ 6.02364220e-01  9.64087514e-01  4.97047942e-02]
  [ 2.29201306e-01  1.11713470e+00  2.03971058e-01]
  [ 1.27704983e+00 -2.94526375e-01  1.04843240e+00]
  [ 6.74614890e-01  5.44652739e-01 -4.04536261e-01]
  [ 6.81557336e-01  4.58829300e-01  2.07063204e-01]
  [ 2.08448977e-01  6.66220888e-01  8.95443022e-01]
  [ 3.27482992e-01  1.42872284e-01  1.19041300e+00]
  [ 8.08267754e-01  8.39190571e-02 -1.38971134e-01]]]
ALPHA = 
[[[-0.76406834  0.33181453]
  [ 0.67086502  0.24306663]
  [ 0.38304194  0.25042947]
  [ 0.7675887   0.52058373]
  [ 0.35310196  0.26897329]
  [ 0.21447839  0.83996751]
  [-0.21566742 -0.17711383]
  [-0.65821674  0.47984542]]

 [[ 0.98398801 -0.42627863]
  [ 0.97029964 -0.00311565]
  [ 0.74588411 -0.3786556 ]
  [ 0.80522838  0.42132612]
  [ 0.4595232   0.10379321]
  [ 0.95144488 -0.39044887]
  [ 0.5139429   0.43589761]
  [ 0.0295311   0.5449804 ]]

 [[ 0.63446372  0.64987844]
  [ 0.64796651  0.82853594]
  [ 1.22750268  0.71251764]
  [ 0.4627145   0.01723088]
  [-0.09516659  0.72036975]
  [-0.29746879  0.50797294]
  [ 0.52641341  1.05677099]
  [ 1.29252621  0.58218362]]

 [[ 1.65148018  0.98521057]
  [ 0.72536111  1.7611717 ]
  [ 0.26079484  1.52156809]
  [ 0.86995104  0.92313783]
  [ 0.02505959  1.43565572]
  [-1.28461435  1.46329389]
  [ 0.37038341  0.38514174]
  [ 0.20922437  0.8898326 ]]]
WEIGHTS = 
[[ 0.31891953  0.88506263 -1.47707904  1.3029834 ]
 [ 0.36400179  0.83736387 -1.48707453  1.2717316 ]]
chi**2 = 0.049198116508306536
acc_train = 0.985
acc_test = 0.961