1.680418665564845870e+00
1.330080713371831758e-01
9.297749387288595235e-02
9.241591475685579926e-01
2.676652575572784354e-01
5.455580927088302667e-01
-3.051405766888707349e-01
5.567866283211861944e-01
4.701526820887681479e-01
-1.068239321125599384e+00
6.495796238108078047e-01
6.439046014642765270e-01
9.009899680117954279e-01
8.795406950708936078e-01
1.071310391180315236e+00
1.074555457189475982e+00
8.094809573926629032e-01
1.292932162481137848e+00
2.911186955459807435e-01
5.011685164096681966e-01
3.855107919119356019e-01
1.135189680014658808e+00
3.796990035150550891e-01
5.524844090953688891e-01
1.516110756868527698e+00
8.706509137730983339e-01
9.188980979328905674e-01
-1.115889398016480794e-01
1.445795840193499160e+00
1.046768460534304612e+00
-3.370096464454933050e-01
9.521059354215745119e-01
1.022608144468316382e+00
7.568776207382353904e-01
-8.539390446009877955e-01
9.003388725418365324e-01
2.236546569809332752e+00
8.204832791755413135e-01
-3.391345980658535542e-01
1.370124968617831396e+00
-4.754558414858871540e-01
9.059241236124794261e-01
1.042755975725684126e+00
8.481358373992334831e-01
-3.201477633496992159e-02
9.313635197212318806e-01
2.533380439368623782e-01
8.394295213713677262e-01
