
Figur of merit = weighted_fidelity_chi
Problem = sphere
Number of qubits = 2
Entanglement = n
Number of layers = 8
Minimization method = L-BFGS-B
Random seed = 30

BEST RESULT


THETA = 
[[[ 1.68041867  0.13300807  0.09297749]
  [ 0.92415915  0.26766526  0.54555809]
  [-0.30514058  0.55678663  0.47015268]
  [-1.06823932  0.64957962  0.6439046 ]
  [ 0.90098997  0.8795407   1.07131039]
  [ 1.07455546  0.80948096  1.29293216]
  [ 0.2911187   0.50116852  0.38551079]
  [ 1.13518968  0.379699    0.55248441]]

 [[ 1.51611076  0.87065091  0.9188981 ]
  [-0.11158894  1.44579584  1.04676846]
  [-0.33700965  0.95210594  1.02260814]
  [ 0.75687762 -0.85393904  0.90033887]
  [ 2.23654657  0.82048328 -0.3391346 ]
  [ 1.37012497 -0.47545584  0.90592412]
  [ 1.04275598  0.84813584 -0.03201478]
  [ 0.93136352  0.25333804  0.83942952]]]
ALPHA = 
[[[ 1.01192096  1.02737891  0.20246303]
  [ 0.52913554  2.21543709  0.55537494]
  [ 0.5413571   1.52699979 -0.77532298]
  [ 1.93228281 -2.31019606  0.23278579]
  [ 1.3498769   0.77548151  1.51701111]
  [ 0.70604113  2.58387408 -1.03302887]
  [-1.62512879  0.38605165  0.17847336]
  [ 1.02071327  0.96971038 -1.38355486]]

 [[-0.10149002 -0.95323911  0.1139818 ]
  [-0.9992292  -0.18879712  0.81647932]
  [ 0.40394245  0.58411638  0.32255464]
  [ 1.26023333  0.65835454  0.77330354]
  [ 0.07431757 -0.59377375  2.50997355]
  [-0.3754272   1.49292043  1.55619786]
  [ 2.0736488  -0.74984952  0.83604959]
  [ 1.29187625  0.60293833  1.00778092]]]
WEIGHTS = 
[[0.44699065 0.63033269]
 [0.44069258 0.7502455 ]]
chi**2 = 0.08184706618681646
acc_train = 0.94
acc_test = 0.908