1.011920964583701066e+00
1.027378913225476031e+00
2.024630329432962617e-01
5.291355359650511403e-01
2.215437088560374246e+00
5.553749363746022238e-01
5.413570967462918437e-01
1.526999787798386299e+00
-7.753229846345423004e-01
1.932282808397664642e+00
-2.310196060455335321e+00
2.327857883588852206e-01
1.349876903054110677e+00
7.754815074758265592e-01
1.517011106126720854e+00
7.060411298613320508e-01
2.583874081572530290e+00
-1.033028869614784684e+00
-1.625128785852879565e+00
3.860516518247993911e-01
1.784733568670301695e-01
1.020713269011508606e+00
9.697103839280742932e-01
-1.383554860370197259e+00
-1.014900185223595458e-01
-9.532391096969010658e-01
1.139817951280591157e-01
-9.992291967746480541e-01
-1.887971246611949150e-01
8.164793195792654501e-01
4.039424534027585834e-01
5.841163810353982022e-01
3.225546408060426251e-01
1.260233330895790704e+00
6.583545391653593537e-01
7.733035437546640356e-01
7.431756612898834935e-02
-5.937737545041236187e-01
2.509973547365513369e+00
-3.754271952856511052e-01
1.492920427831414543e+00
1.556197857434659992e+00
2.073648796478386291e+00
-7.498495199748004270e-01
8.360495853376057607e-01
1.291876248502759728e+00
6.029383262162802959e-01
1.007780915946570488e+00
