-1.949785020834462701e+00
5.347596589963184988e-01
-1.243353527426358379e-01
3.697940216754864728e-01
6.827058924487325875e-01
6.445153497085688299e-01
-1.985691290235868864e-02
7.687455108718165286e-01
-1.165744357128907671e+00
1.493360237563344572e+00
-1.331100190334987721e+00
1.406521980222097845e+00
-3.695305701913410845e-02
6.123323377865925732e-01
9.008905034493248642e-01
-9.543695264938581446e-02
1.679686961225288266e+00
2.256071159562446082e-01
1.054628476695766537e+00
2.900242613715748874e-01
7.269447362887683228e-01
7.540492827820372002e-01
4.327468307465890951e-01
3.975172212701528207e-01
3.184364475091988056e-01
2.660818572478633459e-02
5.427063218674786915e-01
-5.705990149874144990e-01
-1.133945802241166784e-01
1.042031086708992277e-01
1.836903055210358238e-01
-2.310569098824967471e-02
1.294038723902429577e+00
1.031248922291845699e-01
4.811643854445880608e-01
-5.208168983132516194e-01
-3.760502189281408891e-01
-7.855035186352542220e-02
4.989903202733774745e-01
4.087822060472305341e-01
