-4.162256173935589554e-01
4.818685899985049592e-01
1.280145944372784728e+00
1.389492400324958687e+00
1.722417741899683774e+00
3.516328799223552015e-01
-5.982738387124340029e-01
-1.126624095575264883e+00
9.123249128760686499e-01
9.023499290719885213e-01
3.567448322541504901e-01
1.746167963178250071e-01
-1.497637699906268216e-01
8.432395225854928400e-01
-2.067431147751335463e-01
5.462445799114701295e-01
2.009476185984305358e-02
2.561511257346018589e+00
6.320958507179136321e-01
1.302077629166190409e+00
2.946345512103007991e-01
1.823495933393654012e+00
9.115197663952587237e-02
5.472778745242280474e-01
9.828861706984526325e-01
3.346585809181957805e-01
6.112246152518766573e-01
-1.010461736189099069e+00
1.379895037657330681e+00
4.168339549811139189e-01
6.326554461292467346e-01
-3.381696194345874540e-01
