-5.112967587362134969e-01
6.813458067297700760e-01
8.554069447394437864e-01
-3.189968933577968513e-01
2.772935366393688428e-01
4.745055335800503760e-01
1.446297584697314287e+00
-9.423887496663271857e-03
9.142998340979907601e-01
2.107133240595878143e-01
5.900012658440936253e-01
3.300463731614719509e-01
7.270145067430322516e-01
1.144478432000105572e+00
9.746116706300416155e-01
3.391911301848717919e-01
7.469507858291428437e-02
1.301903068329954172e+00
-6.167640292821470194e-01
3.054500739689994249e-01
1.283897844876041028e-01
1.120457881723714078e+00
1.890132981848945126e-01
-5.924265383676435848e-01
6.237357397404139636e-01
1.002488442519583467e+00
5.125373895855763751e-01
1.061933630300746279e+00
5.679843881908127612e-01
3.518936779444304386e-01
1.770432045247988251e-01
1.328460630201343529e+00
4.377318667488891424e-01
1.671643159312906413e+00
1.389470003410203380e-01
1.469689457693603263e+00
9.077322108939275269e-01
4.839384543991612220e-01
6.023413620657481760e-01
-1.793027958424502077e-03
-4.396757166644811865e-01
1.639881221015890289e-02
7.316822020376551050e-01
6.146322750585412331e-01
4.165178771818044412e-01
1.302554422607619111e+00
-4.875295837559608936e-01
5.383297149698406114e-01
