-1.533218362594114537e-01
3.107059490185415940e-01
1.377387718964474539e+00
1.006073356550549081e+00
3.140183692366383394e-01
9.130999261392841460e-01
6.183653995366115153e-01
2.759987571831403752e-01
1.002599015423803808e+00
7.570984570356240617e-01
-1.261374625122997639e-01
6.630589152003184550e-01
1.019080218686446049e+00
1.375569631952937133e+00
3.207281688621834714e-01
-5.039023262764489308e-01
6.594585300674800088e-01
-1.567886570013220793e-01
2.358255540620669333e+00
-5.007511654894989395e-01
2.113701880559990531e+00
1.499677815491885502e+00
1.649105511627715126e+00
1.084284715668197840e+00
-4.580796317933596429e-01
5.507234752286925827e-01
-1.633858293502084669e+00
2.047673735924518401e-02
-9.139715069945314463e-01
5.608832634858360588e-01
1.719663469567934921e+00
8.707664562582213552e-01
1.936632633105018764e+00
-3.491229631437083314e-01
-4.437599097794450165e-01
2.362932390133339611e-01
-4.961167826320018737e-01
1.308010052119837674e+00
5.393800882836791155e-01
7.685345427981024047e-01
