-1.352091784911274130e+00
6.732668481202243316e-02
8.554080869963643918e-01
2.967898014237296600e+00
-2.077075627299132810e-01
-1.395173284648685008e-01
3.059616542781528725e+00
-8.447075262245642979e-02
4.293028105414136153e-01
2.134023262066586935e-01
1.392782572788554329e+00
2.550053209658422193e-01
-1.355799183709821998e+00
3.375198185548878849e-01
1.841803580733331724e+00
-1.476930667888534318e-02
7.282433167316028355e-02
4.949486711766061253e-01
2.301883675686015318e-01
6.254465653797411928e-01
1.265207163499788845e-01
6.897614824221374175e-01
-2.834105321088550844e-01
-2.724346294657485901e-01
1.343650812626268287e+00
5.065703460527050117e-01
-2.482657153579615750e-01
1.006319540259257961e+00
5.690621546517875551e-01
-1.440210451359865695e-01
