-1.712779037885493461e-01
1.303887001512778587e+00
7.421158097609527049e-01
6.033651374968393988e-01
1.104704121574134223e+00
1.202187449308943501e+00
1.421907128537979847e+00
1.461837429119294152e+00
1.053124707427501638e+00
7.395158012182556639e-01
5.803371218226865969e-01
3.510050815086792619e-01
4.534246400982327452e-01
1.045970074321825663e-02
3.390917672834823371e-01
4.797088721622683183e-01
-1.864220448852500767e-01
-4.780631398300679707e-02
5.783571166095186067e-01
1.522858466684865186e-01
7.781291138737684854e-01
5.831037262994788195e-01
1.304510434413439501e+00
5.589773799858518410e-01
2.549331014235722281e-01
4.139301248444177683e-01
1.162534834242568094e+00
8.459551117113568441e-01
4.992081445602591372e-01
-1.727940547347536424e-02
-3.790503865706947306e-01
5.944211751150376699e-01
3.961184765428432675e-01
-6.965657851264245304e-02
9.482582621891584296e-01
5.136825991220272947e-01
1.760459901125613902e-01
1.259879704539664802e+00
4.567428470387948636e-01
4.491969625052448789e-01
4.774871046418024401e-01
6.907754937406437312e-01
-1.671789489436414922e-01
-4.500850154557803351e-02
1.206493156890025231e+00
2.023105848408927321e-01
1.082182023120573933e-01
4.605331457870373568e-01
5.917503453806961522e-01
5.573112284279801987e-01
3.420475186501252263e-01
-2.968837181769002492e-02
-2.611472580997603599e-02
1.379618903469730817e+00
3.044076508094819000e-01
4.796048749201500816e-01
1.132960883633792992e+00
3.523139646517307044e-01
8.898997829239916335e-01
3.521422621051033541e-01
-5.548774526568540644e-01
1.064881378153533925e-01
8.217574170320726124e-01
-1.862712060933405245e-01
3.939379479498504866e-01
1.123478316744018546e+00
4.719780070265309768e-01
7.183951474601744103e-01
1.511161623007912513e-01
3.657453486736282899e-01
1.080985480390562525e+00
-3.981454570821387207e-01
4.400338663306762599e-01
7.529478342439749339e-01
-1.823599985882374819e-01
7.629918413349496831e-01
3.471721977959737471e-01
5.767780153122727960e-01
-5.844832803871410354e-01
6.312361398301435944e-01
6.237013360561222131e-01
6.937984449935138409e-01
2.786411204486957116e-01
8.468885379505626254e-01
7.943162858381886959e-01
6.964714524323231681e-02
4.367980592138502316e-01
-1.713463892196140370e-02
6.133514171475026311e-01
-4.041113829183323181e-01
1.477836956552948555e+00
6.307090715534617864e-01
7.191254206371885394e-01
5.519766983093213897e-01
-2.794695711484953410e-02
7.900279262938721958e-01
8.726935737525576275e-01
-2.925074304196482178e-01
2.353874601200484085e-02
2.367997614380982496e-01
-5.382759137078566569e-01
7.453070551663264487e-01
9.800124356248705038e-01
3.635730480917353461e-03
1.804380239136745834e+00
4.156262689256954301e-01
3.023457628221010718e-01
6.151554511551354798e-01
1.461136554137761445e+00
6.224880177546020937e-02
9.808735188098735569e-02
3.449815060165442038e-01
4.149642616199726297e-01
-4.508496955409113660e-01
1.298183151224997500e+00
1.527013824051954627e+00
5.378780874737539852e-01
-3.130587375840380160e-01
5.424272122763290627e-01
3.125111153420377930e-01
