1.001819758037194363e+00
4.179840743143974913e-01
9.298055530967130888e-02
5.226949071419699777e-01
6.903333337179752283e-01
8.305335336973603821e-01
1.026761872940333609e+00
5.862089821656749633e-01
8.928169995163116601e-01
-1.716057521406679776e-01
8.521504200135574525e-01
6.733313874168332935e-01
9.230782272780676534e-01
2.879571301764781710e-01
1.273881584680544243e+00
1.491986798270740877e+00
8.057791929628443928e-01
7.013475954811725366e-01
1.412860209571689563e+00
5.408643050775336913e-01
3.818090083729122619e-01
4.142711680065965241e-01
4.488478225732496218e-01
5.921780325226401187e-01
6.312171769281549327e-01
8.988450064807448348e-01
9.880430204689597540e-01
8.557379497920138967e-01
5.000011858309998392e-01
1.074964749744651726e+00
-9.951009694159677899e-02
1.159860998951074418e+00
7.681657105663725060e-02
6.134159773560349249e-01
3.234226219597681196e-01
1.108095412446928663e+00
6.583612015886393110e-01
4.832929490407067430e-01
8.382284802503501275e-01
-2.692538397271970751e-01
2.218399074213399103e-01
5.687334516150225339e-01
1.052159572179471647e+00
6.075831062054585230e-01
6.652818818610611862e-01
2.223226948936300740e-01
2.024857478501507213e-02
5.988793028462056078e-01
7.201990846887639242e-01
6.873057836128829701e-01
-3.062157397766822331e-02
3.269161375538103265e-01
7.412446100424742168e-01
-7.843421379566237195e-02
2.033808017585136962e+00
1.458018982980230138e+00
5.712781808908230508e-01
2.364744918269303942e-01
6.497175138913732217e-01
1.276261148384083999e+00
4.342394366680480400e-01
1.338603340627125826e-01
4.270567681626001311e-01
7.678091930937577247e-01
9.194242812767936535e-01
1.111651942739761978e-01
2.106686254814044493e-02
2.272568123170957688e-01
1.021600785003012435e+00
6.782441118181623541e-01
7.343328729730216331e-01
2.224656035281782629e-01
1.551496165717105136e+00
1.277536325141657991e-01
-1.213932987347439152e-01
8.075565169586569336e-01
1.763295680479667615e-01
1.721426792878305856e-01
-1.321134640765596890e-01
3.965564691490964799e-01
9.466950310236055266e-01
3.220200824373901094e-01
5.303254036926384751e-01
6.829369172981697433e-01
6.054572349055518110e-01
9.551042586446830684e-01
2.154911912086697190e-01
7.703884696972819190e-01
6.051064222540221138e-01
7.189506280570948649e-01
4.950929518400116747e-01
2.200165103159126279e-01
6.716436936633357613e-02
-1.468889645140685485e-01
9.845995819655730674e-01
5.417489259444271399e-01
1.379494909311312911e+00
-4.771874208232836367e-01
1.359418251041088377e+00
1.174782042287859207e+00
5.809975355888081783e-01
3.753584683509657571e-01
4.304353162318214632e-01
4.926618045062472473e-01
7.260018699616965776e-01
2.405914459888138790e-01
5.704184138391595882e-01
9.053167002424499232e-01
4.675714837199350660e-01
5.006768670465987503e-01
5.190758524086729331e-01
9.143316757613058066e-01
2.312914372613310288e-01
3.252848869765307960e-01
1.555150894325442179e+00
-1.739193214992929004e-02
2.901202427500548103e-02
1.088684786142688710e+00
1.905877964309707906e-01
9.013491804657138839e-01
