5.179080648096025946e-02
4.517603482852057817e-01
3.058134081071038346e-01
2.299634083137154228e-01
-4.959633869867246525e-01
1.746084911493935021e-02
1.404232068319442250e+00
6.070069881627845332e-01
6.983603889600815684e-01
2.840697280129746427e-01
9.811243468068666651e-01
9.101417624302661213e-01
3.646595669082083324e-01
-3.330058176273733572e-01
2.920795667789929384e-01
4.798451132915201867e-01
6.157042144812949758e-01
-2.168528501390303287e-01
7.817974155760089028e-01
1.657202135441967761e-01
-4.108120423038401081e-01
-4.442015308798705764e-01
3.980659239235001534e-01
5.907476641518525362e-01
6.643978475287446450e-01
4.668648027412575785e-01
6.593694319719158869e-01
4.690801773672334529e-01
2.690428324655109171e-01
6.401121025820891708e-01
-9.637390364375794660e-02
5.449805487446025554e-01
5.237192843747046078e-01
1.108550588053676789e+00
6.322983645449770096e-01
9.085997818465147979e-01
1.784993872536777770e+00
1.558709131194306208e+00
5.557946034353131726e-01
1.007377551912824742e-01
3.449010189817417471e-01
1.038503024493106164e+00
4.034980172474014054e-02
1.948036024412871381e-01
5.774216065618108518e-01
1.315778805023463338e+00
1.058299505261020679e+00
5.821836149929149329e-01
1.047823599571224840e+00
1.049770426849033905e-01
2.136204723198572353e+00
1.224300634758462403e+00
1.045903824331944287e+00
-2.524393514829504914e-01
-6.356366856128400356e-01
-6.886580989547144704e-02
-1.435462390105758101e-01
8.163221918536232025e-01
7.829815970748239540e-01
8.072503411128445494e-01
2.977062768813574789e-01
5.146342996663002406e-02
1.635203781840206538e+00
8.898328228493632697e-01
