-3.217204417162190799e-02
3.390980735685564240e-01
-8.822100352267445711e-01
1.150101623928096561e+00
2.048058223959461355e+00
2.558734740679701747e-01
2.765654117758035158e-01
1.068187643803018227e+00
2.923792430900907569e+00
6.319841352327335571e-01
1.554402470982914508e+00
1.641491312517091294e-01
2.883462735956623599e-02
-3.075934096817720675e-01
1.703290723918421179e+00
1.560970900298435382e-01
3.225480547701689016e+00
1.299877773008168536e+00
-7.710362503682951507e-01
-2.796101595785708271e-01
7.654776518039489996e-01
2.590395208280020789e-01
-1.167489462725577409e+00
6.433766796568165525e-01
