2.781733924803515001e-01
2.275967531115307696e-01
8.554166839086485563e-01
7.607064772721812140e-01
-4.317179273014745688e-01
2.068573337410942528e-02
1.319712973232410602e-01
-6.992047994715804016e-02
2.052649225851943537e-01
2.042055051172932068e+00
1.519860860576240646e-01
2.694935278614775664e-01
4.459832400653078732e-01
2.354451685834594091e-02
6.011514547720024915e-01
3.621008198017564364e-03
1.454195344298524040e+00
1.808692175335495089e-01
1.338324620491032624e+00
1.882250712259484704e+00
1.507849761569725500e+00
2.937786181746848135e-01
-8.767814762347567736e-01
9.842939158383622322e-01
