-6.099788335511723281e-01
5.745462429289137640e-01
1.050217149707475706e+00
9.567040668088453437e-01
6.415484625199717461e-02
9.675422174833753219e-01
1.765324619278297036e-01
2.704206381150213168e-01
-3.285944355892519986e-01
1.312631690311716559e+00
-1.019799250032235705e+00
1.280058551239156017e+00
2.120702508098760708e-01
5.484200597136400512e-01
-3.537369285084474568e-01
5.707487513011128000e-01
4.984848548121537659e-01
9.542198872455191772e-02
3.333865451085550324e-01
1.407270784758344051e-01
9.202224242237191931e-02
3.889728504084759009e-01
-6.134081182895958495e-01
1.620853235337948173e-01
-2.424492218153123935e-01
-3.104777337541955728e-01
-1.399857849769156504e+00
-9.142407511581942536e-01
2.341583201287192884e-01
3.843923995252522263e-01
2.215495367605341048e+00
1.474518454767526077e+00
2.051963001344337734e+00
7.405534828455984098e-01
-1.289526596960155480e+00
3.242292450086807221e-01
-3.181381362889031950e-01
5.870608531637839800e-01
1.814778365317064379e+00
1.093982990915459697e+00
