1.330531846419392150e-01
1.730624865963894254e-01
8.554141411784893512e-01
-3.234111892696659579e-02
2.425232748957946716e-01
-3.377814953559740707e-02
-1.091923330509582346e+00
7.865190082561598350e-01
8.795259332810202446e-01
1.208176090667406832e+00
6.596362338735366482e-01
1.125985931356691339e+00
-1.805538293735649225e+00
6.323230257166077006e-01
1.108664645813923100e+00
1.227969622096665381e+00
4.890641429507399107e-01
4.949494325807090589e-01
-1.028607148303553709e+00
1.833883526331690217e-01
5.427606499167494380e-01
4.309327679245102127e-02
8.985803074904001875e-01
-7.144881441884541884e-01
4.020502423714717999e-01
1.634598313505092548e+00
9.337267375734172870e-01
1.643922880144124132e+00
1.175497650309780040e+00
9.840010223584219062e-01
