-1.623396862746932623e+00
2.370571385177334900e+00
2.702948797423180949e+00
2.110061923511645343e+00
8.289754701372110599e-06
1.079047950304689252e+00
-1.092313283169185079e+00
-3.199038832998690740e-01
-1.921289536520440937e-04
8.800617964958007411e-01
6.921148288758359631e-05
-3.191430697771930336e-01
4.292642577457198429e-04
1.028087020667360629e-03
3.493409906425244960e-01
-1.318254881661063208e-03
2.044671794487244454e-01
3.924812836773592978e-04
1.727561498074927835e-04
1.242853756192504044e-01
