-1.601824212497096944e+00
1.634108039593557882e+00
8.554152588007910563e-01
-3.329191367946164604e-02
-1.077690427598313044e-01
1.427275710559072097e+00
-1.540183893499758592e-04
1.159273672629661966e+00
5.292535235748739852e-01
1.603848999409751119e+00
2.597403331703712626e-01
1.498740839453117424e+00
-2.190054852594241770e-04
3.375278426777706953e-01
7.087631379817252997e-01
2.515100701441080064e-04
8.144062674273747082e-02
4.949515384617031999e-01
1.570820042285470564e+00
1.234089363853649646e+00
1.351333996102275503e-01
8.056385072687707871e-02
-1.735999260030584440e-02
3.362275022793324575e-01
1.084230521833962291e+00
1.110710789464936621e+00
1.780091648354996045e-02
1.570878382647219684e+00
5.690522886722944040e-01
4.601049134172505717e-01
