-2.152632939301871440e-01
2.704149965901397334e-01
8.554090761951476107e-01
-2.474349743004140845e-01
1.389981177929648648e-01
6.357686569744186444e-02
1.132026833177658398e-01
6.443335587831563460e-01
7.760032881046786679e-01
2.252670064295357044e-01
5.255811384127870856e-01
9.838028371195426391e-01
5.378519567229879117e-01
-7.115849556152968602e-02
9.746109271404566066e-01
7.503081483386354611e-01
1.302762375143078251e-02
8.626605917178170602e-02
1.370874021982612545e+00
1.006873488152272955e+00
6.672195826772778227e-02
-6.575375770550160315e-01
4.773901946326100654e-01
1.089981572890452166e-01
1.123852223178636089e+00
1.257322598811768666e+00
5.125354116290671280e-01
1.867209042598767743e+00
3.975660502548892805e-01
6.067297589568910743e-01
1.323482189377137130e+00
1.122371972771272430e+00
2.673128301819084895e-01
-5.044004804471571290e-01
2.819104898497162837e-02
1.263603252966782664e+00
1.329232795942288048e+00
-4.629299322900142788e-01
6.023409862278586990e-01
3.300990313549331034e+00
-3.139085168656863822e-01
-9.304715742066362871e-01
-3.717612946570648946e-02
1.419553567476155576e-01
5.422858225805640142e-01
4.312292107437897815e-01
5.084565910990456183e-01
6.565257738171403901e-02
