3.470067704724840406e-03
-1.520243662743856472e-01
-2.725618949933831248e-01
4.746912862368701247e-01
7.497401609561286928e-02
4.942192185857325892e-01
3.067678292324275968e-02
1.128543192807867773e-01
6.541129549095711093e-01
-2.643339298794114209e-02
1.286385990208140928e+00
7.473422468044590983e-02
-1.038777569003078494e+00
1.019414797978033915e+00
1.031251009270401503e-01
7.630721066590820945e-01
1.326265220772191888e+00
1.195398664990604098e+00
3.147458561343212224e+00
-3.871012639155319568e-01
-7.892756083337892914e-02
4.031730786327576005e-02
1.470818645416227977e+00
8.785310439967521923e-01
-2.158623631724438940e-01
1.074604379419826783e+00
2.486892035956063673e-01
-1.534109442693523340e+00
3.626140662483004484e-01
-6.389872687526094996e-02
3.619121927323153631e+00
2.900238041317330095e-01
