1.070647901439051100e-02
7.775938099561442440e-01
9.189004031981314879e-01
8.548406785030521204e-01
4.999972104028705955e-01
7.578335211457813969e-01
1.190364729500517083e-01
1.112935079014486517e+00
7.681174155654769964e-02
-5.589384888559497527e-02
1.068186818591009002e-01
1.720371470157563976e-01
-3.617806475133945182e-02
-1.111729888039998393e+00
6.216284860336847018e-01
-9.583757598689673918e-01
4.172340816545013764e-01
1.276985283625090117e+00
5.841134210454663328e-02
7.511945073966584951e-01
8.606665432159430473e-01
4.433130073007683636e-02
2.533392909362026102e-01
7.179961190044472641e-01
