-1.428520840811441095e-01
1.943364812294355870e+00
7.918792146086867101e-01
3.702728492089609524e+00
-1.275079484507906979e+00
1.749640305646246036e-02
1.996484879516016830e+00
2.659867431692163997e+00
-5.113696581113932327e-01
-6.936024385846701890e-01
3.499643777875675599e-01
2.395497760678030053e-01
-2.759263575464522278e-01
-1.639091696989737612e-01
2.202762568248774588e+00
-1.164153987028037962e+00
-2.855743602913494994e-02
4.992902009381240402e-01
-5.900355270760062609e-01
-2.805285162507976437e+00
-8.994748838794001944e-02
3.504376981331870922e-01
7.858316957934454727e-01
4.958172601848711558e-01
