-9.382925506258293913e-01
1.461285064037514791e+00
-3.922379757071666084e+00
6.533729447166546356e-01
3.164991838984305694e+00
2.003063173510105877e+00
2.090248499744149502e+00
-3.342204931059938322e-01
1.443620144685733964e+00
2.146557693111131204e+00
2.454896064152981339e+00
7.022455502219910883e-01
-8.346310608894945693e-01
3.068120772984009648e+00
-5.157721054238346703e-01
7.630779429979926975e-01
-2.559108896379375331e+00
1.898446381444135023e+00
3.001275740871500175e-01
7.520680275293799566e-01
3.537010030297378815e+00
1.233990662308435127e+00
1.390231996365229872e+00
-4.254353846521199412e-01
-7.044429255728164030e-01
1.717659703484584410e+00
-6.602972521322971744e-01
3.507036625142041064e+00
1.665499450521803704e+00
1.707573147076035580e+00
-1.481286378200804998e+00
2.900240137271449248e-01
