7.281794248716809692e-01
7.817322460779005944e-01
7.805027228203469392e-01
1.241044834800860697e+00
1.192000775041887728e+00
2.383544280936421345e+00
1.244570316434653989e+00
6.705113734812932769e-02
2.368662749248040988e+00
-6.383460332743702281e-01
-7.080481424041342731e-01
2.463960782566251950e+00
-1.094347400701871642e+00
9.138764730888093712e-02
1.709239844560069832e+00
7.630812345411112085e-01
2.563652395029971665e-01
7.193725849456100718e-01
1.356740986618201417e+00
-1.146100552267853012e-01
-1.564899563879650124e+00
-1.136176721431324532e+00
1.362090838559914807e-01
-1.176503125874311051e+00
8.519158608407795263e-01
1.821388004339209443e+00
1.360675590797255641e+00
2.195214964804586832e-01
2.503576897980365756e-01
4.495997875180422071e-02
5.306313776364497414e-01
2.900362886668625406e-01
