1.137002947094429839e+00
1.809298295981572435e+00
8.554010529311975031e-01
9.652427436811312766e-01
-4.840716679653167542e-01
1.602465936566619176e+00
1.101329591539202291e+00
8.559024114800863892e-01
1.529354392233586990e-01
-1.098635058876223786e-01
1.742949033275778548e-01
1.195368351300278631e+00
1.945379197625616841e-01
7.310096525916541799e-01
6.233174871385603888e-01
1.716682811293618105e+00
3.791468224411526644e-01
8.884245710576917920e-01
9.622520401558070091e-01
-1.590457441308511799e-01
4.328465919229446679e-01
1.006177067889769905e+00
4.773858370969382703e-01
-1.056927663511110005e+00
1.695937267702986695e+00
1.458285006615232415e+00
5.125415090519439554e-01
5.202745574616365332e-01
2.963263772214606573e-01
8.077156120039118425e-01
1.204530490928750197e+00
1.837032105673024107e+00
1.660844119646452122e-01
-2.947801194338846020e-01
-5.302201156080408317e-01
1.978277801941777714e+00
6.138619945448876569e-01
6.019454177534235839e-01
4.394705117057750438e-02
5.101771825633630852e-01
-1.595007285043172351e-01
1.343814341314257532e-01
7.603351201625674349e-01
-6.857207394774523790e-01
6.966974737158627695e-01
5.521735782445625906e-01
5.084639091028019253e-01
-7.620194822794741363e-01
