3.801772636436153152e-01
7.000029113174486284e-01
8.554102344008964742e-01
6.035553161225200997e-02
4.232471857869560261e-01
4.931631303665230392e-01
9.101055156599614504e-01
4.327786118903358403e-01
1.060252716030950504e+00
2.907189511594988618e-01
4.696252599759713209e-01
7.722482584895544733e-01
8.193050937054757732e-01
4.311955064194388787e-01
9.186544474493065771e-01
3.212227610146929924e-01
1.937681469458866768e-01
5.886195920527163006e-01
4.550146451640994516e-01
8.469981339915768626e-01
2.474635146441035438e-01
4.188982701971180611e-02
6.666449060480207356e-01
-5.087824726572812151e-02
7.752169780462800919e-01
9.832342666919987595e-01
7.017926098584125194e-01
1.641669690004194493e+00
3.136917420956978342e-01
3.326399389102124848e-01
2.641269352488709865e-01
6.175758430355560158e-01
4.388040624965651726e-01
1.804930741636342206e-01
1.405397677685945590e-01
7.588053807663980299e-01
-3.537695616137315896e-02
6.468030035618949070e-01
7.146914077926201925e-01
2.407489131655672077e-01
1.735724672942136060e-01
1.792616473224297180e-01
2.234132531263311183e-01
2.493131806252600335e-01
1.029767155809865331e+00
8.242451170245088110e-02
3.285871649667727601e-01
1.730095975253784224e-01
1.337838087935155351e-01
-7.367729575164445877e-02
6.589642308881664690e-01
6.605960654731269921e-01
5.066466177749283650e-01
3.013293606069559205e-01
5.336783816026788863e-01
-6.904227781403442232e-02
3.595589346263957514e-02
6.110435667626749057e-01
-2.164250878781032693e-03
3.139166825568219243e-01
2.232171886562472340e-01
5.547585235793499603e-01
3.829053392099904807e-01
8.956513363831274388e-01
3.353551761465841663e-01
9.933439776286338008e-01
6.157691892838377257e-01
4.787878458267288417e-01
2.168883607894514232e-01
7.850392521903648557e-01
2.937676734683083643e-03
9.107793364274271442e-01
6.968987333642988613e-01
6.877420337499730030e-01
3.179381802420703368e-02
2.738433335155561199e-01
5.636095236463933844e-01
-7.237555470846325500e-02
1.074937815838920896e+00
2.450960620670181167e-01
4.949079456582395897e-01
6.276829744040256509e-01
5.092349864274917648e-01
1.350863795396507749e-01
1.858026544786464673e-01
-1.774823771279020190e-02
1.716445358359586504e-01
-3.554085536796566247e-01
1.846388321003133437e-01
4.188661243801672929e-01
3.273766257070786501e-01
3.094390539305078014e-01
8.734241537798836941e-01
4.208572075335987872e-01
2.112100403827535389e-01
2.759572912363042474e-02
1.918432054521652108e-01
5.518352850363175133e-01
1.045495824292690612e+00
5.223244746160213836e-01
1.980190011240184067e-01
4.543267493048676053e-01
7.085321164945642680e-01
5.320455185507612095e-01
3.304859235268715056e-01
7.789151955418858186e-01
5.077246725512395420e-01
1.139755715799931624e+00
1.441066181595796469e-01
-6.603273238154484803e-02
6.334334700929863393e-01
5.855654788157071966e-01
7.188948614773416068e-01
1.188128882130296965e-01
1.251455460952309195e+00
4.855842276894701270e-01
9.245836674500236274e-01
1.180493832435735163e-01
6.797319993184411935e-01
6.716177073813529574e-01
