
Figur of merit = weighted_fidelity_chi
Problem = sphere
Number of qubits = 2
Entanglement = n
Number of layers = 10
Minimization method = L-BFGS-B
Random seed = 30

BEST RESULT


THETA = 
[[[ 1.23928777 -0.17133273  0.09298154]
  [ 1.38960583 -0.27813739  0.24121745]
  [ 1.22443265  1.42705107 -0.07565398]
  [ 0.08454572  0.72075186  1.51417445]
  [-0.06412248  0.90950753  1.14248291]
  [ 0.25071598  0.84085418  1.3228959 ]
  [ 0.82407192  0.47940603  0.41688367]
  [ 0.61334729  0.38493735  0.53071993]
  [ 0.94404885  0.54342565  0.92413253]
  [ 1.56234959  0.50000236  0.71954686]]

 [[ 0.85229024  1.41215612  0.07681736]
  [ 2.17319366  0.64390831  1.36039165]
  [ 0.17960336  1.19976302  1.15871414]
  [-0.43939456  0.65390839  1.28520401]
  [ 1.08383087 -0.08641615  1.09734939]
  [ 0.83670033  0.78396318 -0.09511847]
  [ 0.40799318  0.81187486  0.73309463]
  [ 1.21988985  0.80782704  0.04613263]
  [ 1.60603803  0.21540336  0.63786179]
  [-0.27892474  0.64971773  0.03364688]]]
ALPHA = 
[[[-0.15336725  0.2889039   0.42705841]
  [ 0.63093128  1.40369797 -0.33084159]
  [ 0.4178928  -0.12099408  0.30384995]
  [ 0.7768675   1.50326902 -0.22017345]
  [ 0.65439485 -0.06243762  0.19328636]
  [ 0.09635038 -0.0659881   0.13479118]
  [ 0.22513085  0.03572064  0.10117304]
  [ 0.44458143  0.75155855  0.27461036]
  [-0.20474474  1.59640393  0.1241879 ]
  [ 0.42439363  0.60510705  1.00137852]]

 [[-0.06883918  3.65020725  0.06716534]
  [-0.12210061  0.3038324   0.52273976]
  [-0.3228681   0.94870722  0.97671487]
  [-0.8658352   0.09124467  1.51806966]
  [ 0.12066257  0.22991628 -0.68255497]
  [-0.81847816 -0.52580302  1.8309654 ]
  [ 1.1491339  -0.15501513  0.45028878]
  [ 1.33545947  0.52641805  0.85861069]
  [-0.37169495  0.14621941 -0.02422585]
  [ 2.25957394  0.19058724 -0.97773992]]]
WEIGHTS = 
[[-0.3736003   1.41345138]
 [-0.43882705  1.40870508]]
chi**2 = 0.04525604438134791
acc_train = 0.976
acc_test = 0.93975