5.007788015714983443e-01
7.983740417505584830e-01
8.554109536720282403e-01
7.036891071793925923e-01
-1.371086876557947865e-01
5.915338071798073027e-01
7.608039467753665575e-01
2.926407997690130269e-01
4.998966524930004707e-01
7.884744620969745821e-01
1.941103675011917884e-01
6.321096926020720597e-01
8.464356613338618329e-01
2.701166371314012854e-02
6.431398312140065299e-01
-1.037518414903108921e+00
2.911801758753571057e-01
1.844367245011145073e-01
-1.542329546169455001e-01
8.609282982046180255e-01
3.289375478076914661e-01
2.344331872562983032e-01
-8.352526055617670586e-02
-3.694787238573267463e-02
1.466387217665417797e+00
5.086102929116371740e-01
-4.837677430867044076e-02
1.950059564020118597e+00
4.342038266723272089e-01
-1.419841003914041333e-01
3.047983503952507167e-01
6.292834123716226635e-01
3.039515621013745283e-01
7.323353373238979946e-01
1.483718731519187706e-01
7.705126468424269293e-01
7.502415370027433195e-01
8.341136253389280775e-01
6.023432191340239994e-01
1.543263607680393390e+00
5.742267616684016973e-01
3.665718888233057693e-01
7.383879575156115926e-01
1.787591983396001338e-01
1.430421712790970412e+00
5.528318889701904215e-01
5.913688456412373728e-01
1.024560063293933343e-01
3.760360859466026495e-01
-4.790965637127068133e-01
9.217453614049488930e-01
1.825980558447127589e+00
1.646367224181981115e+00
-1.040906318303938816e-01
9.250401409544978248e-01
1.240265982789511418e-01
2.013621163664425229e-01
9.138795139419195745e-01
7.147082939068452045e-01
5.069860744241021511e-01
4.427310406260550613e-01
1.075986249399383671e-01
5.964389582527114264e-01
9.140896625698172739e-01
4.560444903140317696e-01
5.461842040521270869e-01
-1.392030045499598016e-02
1.205988100399451923e+00
3.375783231246469174e-01
6.582341529138378000e-01
1.318125072556719068e+00
1.637980058230108060e+00
