
Figur of merit = weighted_fidelity_chi
Problem = non convex
Number of qubits = 2
Entanglement = y
Number of layers = 10
Minimization method = L-BFGS-B
Random seed = 30

BEST RESULT


THETA = 
[[[-0.98539671  0.81249416  0.85541014]
  [-0.51039562 -0.16658726  0.60565428]
  [ 1.27895276  0.78558769  0.47041646]
  [ 1.00228361  1.4707074   1.12505586]
  [ 0.34156722 -0.45671164  1.91973738]
  [ 0.90719926  0.16776085 -0.29928717]
  [ 1.50701362  1.09556333  0.221456  ]
  [ 0.50235478  0.5495097   0.19768683]
  [ 1.69551924  1.48776472  0.58465741]
  [ 1.0151098   0.56905685  0.83717065]]

 [[ 0.06746771  0.66451748  0.43880394]
  [ 0.85272676  0.35044259  0.80574719]
  [ 0.55435451  0.2376434   0.92459437]
  [ 1.62478616 -0.33187391 -0.22989726]
  [ 0.28844978  0.08506913  0.5243212 ]
  [-0.16882516  0.1982925   0.00876521]
  [ 0.34224784  0.90380463  0.52866981]
  [ 0.44145705  1.38875185  1.27881226]
  [ 1.24917058  0.1032044   0.91806133]
  [ 0.18859372  0.50117542  0.48616438]]]
ALPHA = 
[[[-0.26011954  0.2567388 ]
  [-0.1146293   0.36379681]
  [ 0.78144882  0.57565228]
  [ 0.39267563  0.05851969]
  [ 0.21193971  0.39891038]
  [-0.46589688  0.84656815]
  [ 0.01310272  1.38771584]
  [ 0.80936246 -0.21515813]
  [ 0.66308497 -0.34876683]
  [-0.30183892  0.29002474]]

 [[ 2.6354924  -0.23875666]
  [ 0.59900887  0.36445188]
  [-0.27570372  0.12094723]
  [-0.886964    0.55360055]
  [ 0.5329177   0.05285712]
  [ 0.28227773 -0.07564647]
  [ 1.16553839  0.52462693]
  [-1.12586806  0.42319864]
  [-2.23600578 -1.27907056]
  [ 3.14951637  0.40878238]]]
WEIGHTS = 
[[ 3.6051281  -2.61908243]
 [ 3.56462002 -2.53073933]]
chi**2 = 0.02338062228178832
acc_train = 0.985
acc_test = 0.96175