-9.853967128089036187e-01
8.124941628309649833e-01
8.554101366433274345e-01
-5.103956150096836675e-01
-1.665872556727595044e-01
6.056542849078313528e-01
1.278952758453158589e+00
7.855876922548430397e-01
4.704164579702381221e-01
1.002283608685869076e+00
1.470707399148922123e+00
1.125055858779290041e+00
3.415672150077410096e-01
-4.567116446624928106e-01
1.919737383223137916e+00
9.071992559706016923e-01
1.677608499615354520e-01
-2.992871715720726300e-01
1.507013623850625983e+00
1.095563330045680628e+00
2.214559973415248240e-01
5.023547829605378157e-01
5.495096980429623468e-01
1.976868307041465544e-01
1.695519241955793621e+00
1.487764718343941750e+00
5.846574090113277888e-01
1.015109795541916604e+00
5.690568479531644686e-01
8.371706520269697194e-01
6.746770544843268269e-02
6.645174777093282303e-01
4.388039372231215540e-01
8.527267564137860356e-01
3.504425909289621832e-01
8.057471931761046591e-01
5.543545124741927621e-01
2.376433976123995817e-01
9.245943733100245865e-01
1.624786163082219570e+00
-3.318739087076094663e-01
-2.298972589203165662e-01
2.884497767896529452e-01
8.506912755993918662e-02
5.243211991047912468e-01
-1.688251615432350417e-01
1.982924989821872042e-01
8.765206208902647997e-03
3.422478408006950357e-01
9.038046252662617075e-01
5.286698116158298211e-01
4.414570515322855937e-01
1.388751849154247431e+00
1.278812263319630382e+00
1.249170576696574164e+00
1.032043975179819106e-01
9.180613290556010053e-01
1.885937210028544864e-01
5.011754163681216845e-01
4.861643758546634331e-01
