-2.601195422299713012e-01
2.567387968367649265e-01
-1.146292977712573269e-01
3.637968082522422542e-01
7.814488196759047378e-01
5.756522758360532732e-01
3.926756337510049488e-01
5.851968961646924344e-02
2.119397057127095363e-01
3.989103816299872096e-01
-4.658968798541106571e-01
8.465681466106830255e-01
1.310272411260735188e-02
1.387715842645171005e+00
8.093624629728352060e-01
-2.151581335248800575e-01
6.630849720841316408e-01
-3.487668332136282801e-01
-3.018389248200972208e-01
2.900247425052033812e-01
2.635492396937042070e+00
-2.387566624036153162e-01
5.990088731801039845e-01
3.644518797408441979e-01
-2.757037249711004612e-01
1.209472311049456100e-01
-8.869640044165422177e-01
5.536005530120015061e-01
5.329177014238716259e-01
5.285712269600721658e-02
2.822777301431767527e-01
-7.564647311409343489e-02
1.165538391341169877e+00
5.246269282727681338e-01
-1.125868060018131667e+00
4.231986381928429797e-01
-2.236005784972621591e+00
-1.279070558258794232e+00
3.149516367124374217e+00
4.087823764321499853e-01
