6.967056475246311553e-01
4.989455720170068442e-01
7.283600488444248455e-01
2.336546549905699877e+00
1.418433274498663632e+00
9.613501577951570620e-02
-5.530595716482165081e-01
-3.354140782232870044e-01
-1.656245743084397093e+00
9.522818357904336284e-02
1.955884509792027437e+00
1.500000479979024803e-01
1.095352889203652813e+00
1.600051779435015087e+00
-6.081210512986606753e-01
7.730932621487022205e-01
1.062730468252752747e+00
2.372647607364596567e+00
1.462644389419273327e+00
1.399240822780762006e+00
3.851959220476982582e-01
1.222499803981196509e+00
6.581626078897209742e-02
1.687870172867832697e+00
9.162256223617173401e-01
1.909617403936701319e+00
6.647862962962150513e-02
-9.123693325091706274e-01
1.268543195109163912e+00
-1.895647855170068952e-01
1.001884911356047514e+00
-7.072144692774904318e-01
