4.824048974996303363e-02
1.402116449410489629e+00
6.077770445779431263e-01
1.423766278701677823e+00
4.302729270031598330e-01
2.551584192617695646e+00
1.115324684991249260e+00
1.832426065387213754e+00
-1.512789966531726593e+00
1.402274590707325297e-02
-7.632578513883887528e-01
1.131938483820555730e+00
-6.979429224694613798e-02
1.158817577462853521e+00
6.041587090047587649e-01
2.553577332448771497e-01
1.945853104094297681e+00
-1.089392798094297010e+00
-5.325897690076594193e-01
-8.721142676926822990e-01
6.111761789645664411e-01
1.480647917332186703e+00
6.313735370036035466e-01
6.411109498155668218e-01
4.598681791707369682e-01
3.864052870214367830e-01
2.427813164543351498e-01
-3.493155334172350357e-01
9.802847412278680173e-01
-5.005184903135607710e-01
5.413471658949682297e-01
1.308371378159739251e+00
1.456150994460090123e-02
1.140307736946902795e+00
2.032290414742578266e-01
1.904875247781925574e-01
5.125356560255540650e-01
2.899233395360608506e-02
1.156442225151997460e+00
-5.508026855294833046e-01
