
Figur of merit = weighted_fidelity_chi
Problem = squares
Number of qubits = 4
Entanglement = n
Number of layers = 5
Minimization method = L-BFGS-B
Random seed = 30

BEST RESULT


THETA = 
[[[ 1.15931246  0.63212112  0.85540976]
  [ 0.91812721  0.08019486  0.42528076]
  [ 1.61258567  0.79185704  0.71719992]
  [ 0.6603392   0.45383124  1.13132737]
  [ 0.3102776   0.03156426  0.90286126]]

 [[ 0.71382017  0.21085341  0.49494687]
  [ 0.49950697  1.23676787  0.26454815]
  [ 0.39692684  0.51102846  0.33889129]
  [ 1.10658725  1.28420464  0.54617603]
  [ 0.2772297   0.77103844  0.63361085]]

 [[ 0.26202113  0.78277746  0.43880355]
  [ 0.45285971 -0.32761771  0.92400726]
  [ 0.80763384  0.22176029  0.24653291]
  [ 1.28790776  0.02896955 -0.24578044]
  [ 0.32953938 -0.32476401  0.88516447]]

 [[-0.52098367  0.56549181  0.23954642]
  [-0.18175768 -0.09222377  0.89586978]
  [ 1.04366772  0.3973137   0.28278254]
  [ 0.81287669 -0.42124663 -0.07337763]
  [ 0.68784443  0.02766382 -0.03828744]]]
ALPHA = 
[[[ 0.04824049  1.40211645]
  [ 0.60777704  1.42376628]
  [ 0.43027293  2.55158419]
  [ 1.11532468  1.83242607]
  [-1.51278997  0.01402275]]

 [[-0.76325785  1.13193848]
  [-0.06979429  1.15881758]
  [ 0.60415871  0.25535773]
  [ 1.9458531  -1.0893928 ]
  [-0.53258977 -0.87211427]]

 [[ 0.61117618  1.48064792]
  [ 0.63137354  0.64111095]
  [ 0.45986818  0.38640529]
  [ 0.24278132 -0.34931553]
  [ 0.98028474 -0.50051849]]

 [[ 0.54134717  1.30837138]
  [ 0.01456151  1.14030774]
  [ 0.20322904  0.19048752]
  [ 0.51253566  0.02899233]
  [ 1.15644223 -0.55080269]]]
WEIGHTS = 
[[ 0.55391461 -0.20824753 -0.44401565  1.27083468]
 [ 0.7767905   0.3485409  -0.05604014  0.05474977]
 [ 0.17428196  0.17707805  0.90971622  0.00838234]
 [ 0.14166435  0.69982084  0.35591647 -0.09776555]]
chi**2 = 0.020030490542745985
acc_train = 0.985
acc_test = 0.949