-4.392179875627226504e-02
9.440048983045145059e-01
8.223375673467480107e-01
3.359118315447773284e-01
2.138049863684363949e-01
4.512194244445510982e-01
-4.221368673472075117e-01
5.086292638836974467e-01
1.227192807918389583e+00
8.879089000921975838e-01
4.744529263980838407e-01
7.613691545211287437e-01
1.548433240448251036e+00
3.327035682825236762e-01
6.305013423188420285e-01
4.353693005756221340e-02
4.992223940611731359e-01
5.483688033938496353e-01
5.102621721409945632e-01
3.089041489150226583e-01
7.530228861016904363e-01
7.778150649802952898e-01
3.762855171727337300e-01
6.166640428723143552e-01
1.701725904060836569e+00
-8.653035905864121802e-02
5.645707903128051319e-02
7.756334669565562168e-01
8.397075561999542415e-02
3.838235353853854809e-02
3.428082699143492618e-01
2.059192468336742965e-01
5.893747244521838624e-01
1.351094913075833848e+00
-1.707130381027622823e-01
3.859836597556166593e-01
8.859318626613646996e-01
6.351126201975458851e-01
2.715796270106623500e-01
8.898321829785660331e-01
-4.071334495675779097e-01
9.828595194404031732e-01
8.938765135700100783e-01
4.183822477290342623e-01
1.416074155389808409e+00
4.214577701547457256e-01
-3.698064641709936096e-05
1.870807904154362100e-01
1.189903277244737767e+00
3.599279804078491796e-01
1.063551512116545084e+00
8.416514546096063309e-01
5.629163424925150983e-01
5.951537013690028077e-01
2.055211763360492161e-01
-9.509083607419508560e-03
6.910243858439525377e-01
6.990100039646686136e-01
7.860253799853641477e-01
4.318271766357509867e-01
1.218638370054768716e+00
9.077908313838416454e-01
5.664771070630570948e-01
3.766025369788532084e-01
8.346161967575177476e-01
2.147334748111654201e-01
-3.548292771822775804e-01
6.001839228807370752e-01
3.230176244088662357e-02
5.980159652826123606e-01
1.263663624894823811e-01
1.322300658643212334e-01
9.142950698337199977e-01
1.123270412704171495e+00
1.336894748039872516e+00
8.347284623589108499e-01
8.773357798704337629e-01
5.442096588058827900e-01
4.850233553739006775e-01
1.593583165096714438e-01
