5.216728234787174623e-01
2.272722953496991938e+00
5.028390773357711563e-01
1.102862950007464260e+00
1.105561785448281320e+00
-1.361239718100613505e+00
6.238770213280223631e-01
-2.133864031740939637e-02
1.420968352765003551e-02
8.682168757161288219e-01
4.479571724197582427e-01
-2.317480064617067625e-01
4.883476392051341181e-02
-1.929632554262659117e-01
8.397895623906599383e-01
1.958241370675059545e-02
6.781364182572438004e-01
8.003537297100963288e-01
4.222168995518642276e-02
2.883626226926567782e-01
1.255494895870210792e+00
1.010825944044523583e-01
9.256664565048031701e-01
4.623562509564412282e-01
1.377411811918212603e+00
-5.832484827785849868e-01
2.151562006292508933e+00
2.418805033445598218e-01
6.452535596394315398e-01
2.505237297532357243e-01
1.211455112777083620e+00
1.303548059653025559e+00
-1.173228434144959698e+00
1.157573113653929398e-01
9.223455808442150572e-02
1.888823166066433412e+00
-8.841530042186200866e-01
-1.008352112228105613e+00
5.181640753084529871e-01
-2.251840604082369635e-01
8.298999728940940068e-01
7.233033789625717969e-01
1.007557631712845403e+00
7.804754965377755926e-01
8.726754567398965490e-01
4.856840183017433477e-01
-9.692515660772162145e-02
1.293109050414728900e+00
