-2.617516787884917040e-01
1.171321162888117745e-01
8.554108891781176949e-01
2.690582319827388713e-01
-2.063901606019349078e-01
-8.970834506142086329e-02
1.538820242364795421e+00
-1.892958581981228350e-01
4.306151866852039878e-01
1.006605817982495710e+00
1.716940362851504809e-01
1.501731821654516685e-01
6.772052990949790630e-01
3.241366319798402729e-01
6.207237545799462186e-01
1.477619208077115553e-01
3.873455199648014879e-01
4.815598225427156764e-01
6.093255411302794800e-01
9.752533783180754590e-01
3.289366397408698406e-01
2.538806538724409090e-01
4.057948931593994835e-01
7.737458647959365166e-02
3.629666860793429040e-01
9.186697352399183503e-01
4.409426620507317929e-01
9.666281801530136608e-01
7.220927515187731682e-01
2.680754387668827787e-01
4.952710703366062367e-02
4.110487933528847448e-01
5.918396736652553614e-01
-5.225168500518003745e-01
-1.914925167213117896e-01
5.522786097884478940e-01
-7.717533319507142719e-01
6.855587747085056805e-01
6.023441035685642708e-01
9.810010192468796575e-01
2.319293820826837937e-01
2.180186923149045608e-01
-2.641418876004172564e-02
4.402099465213710205e-01
1.088124485292640609e+00
-7.886452881248479096e-01
4.877036818626651615e-01
3.639067922997719084e-01
6.460766275488458721e-01
2.231202189500085808e-01
8.180808634774838772e-01
1.555294987592693134e+00
-2.741882967579075889e-02
5.981271600663855548e-01
4.895268371187719847e-01
5.798309876903056520e-02
2.013610923623954385e-01
3.765301509426494109e-01
4.460089192661265689e-01
4.409432201667817242e-01
1.088553327626487488e-01
3.702599133835897116e-01
3.277396752839600857e-01
1.317736579782615713e+00
4.899336880881058343e-02
8.088455916075475427e-01
9.392107197977084265e-01
3.290023331917528160e-01
-6.947282419050328228e-02
1.682340836065302714e+00
-2.601334867615060498e-01
7.609932769870637603e-01
