-6.952634073348049615e-01
-2.091211435985380895e-01
9.293359434830276988e-02
2.081040579456268524e+00
2.316553721330960047e-01
2.034291699899707651e-01
1.504577852360490020e+00
2.798040488289461544e-02
4.341538994697197729e-01
-5.345735609617654482e-01
1.101242289895024262e+00
1.151076502646004446e-01
-7.342235975818371951e-01
6.570697849370729093e-01
1.522979876837568192e+00
8.817989090588682077e-02
7.923348964942249495e-01
1.070458100552467373e+00
1.294323483455618984e+00
-2.448044084927154529e-01
3.683217255386291300e-01
2.711074886047346727e-02
9.990921986964965695e-01
-1.934596742041715389e-01
1.131894827304901208e+00
7.205390157252685723e-01
1.538298208541513779e+00
1.560430007282152642e+00
4.999917707231121278e-01
8.966660262508814316e-01
