-6.120058827950700664e-01
-1.437904427342437508e+00
7.677195720905524712e-02
7.612592245162466131e-01
1.189139306806702878e+00
4.042118958478397417e+00
1.942470945935624416e+00
1.099223195613276083e+00
2.865435529196551645e+00
2.310759992317222178e+00
1.928927583825863712e+00
-2.789313245087959858e-01
8.898678636739385528e-01
-3.431427343017600773e+00
6.214072443513516397e-01
2.221541785194941276e+00
5.621024411030089984e-01
1.896755927548961218e-01
-3.456839944384251240e+00
-2.428144582294524123e-01
-1.051966936207020531e+00
1.044665740225037887e+00
2.705845626383212466e+00
-2.151422026310670255e+00
1.681236485038200446e+00
2.682004377095607017e-01
3.480441546793428209e+00
1.691144073571842377e+00
6.497123833416383887e-01
5.214405545555199639e-01
