-6.312490696074455343e-01
7.771796954256611212e-01
8.558901543107512166e-01
-2.105214677568253631e-02
5.053434299897719972e-01
5.708339213273979640e-01
1.907872542053927978e+00
5.736054415763273129e-01
1.142944135218475488e+00
-1.590868067880750525e+00
5.269517133841292722e-01
9.139760462144118636e-01
7.184211918298368804e-01
2.332449130787234495e-02
9.740284780788714958e-01
3.089375167552618207e-01
-2.399342332653656706e-01
1.812486254537885311e-01
1.935168433707842972e+00
1.195372483663311503e+00
-1.849778776016086368e-01
-1.616040699641447809e+00
4.760627614806358099e-01
2.995473980685204318e-01
