1.304078018188572052e+00
-3.398058140201194455e-01
9.297842266083110319e-02
5.431252861017573652e-01
7.352559146644971344e-02
7.274251974628191675e-02
1.510391513119781148e+00
9.382263237624428598e-01
2.760111252360434864e-01
-8.480732992735247333e-02
3.167758630567527045e-01
1.025350474233825082e+00
7.576338981889428892e-01
-2.291409952473418554e-01
7.385067402200850006e-01
1.537083514626427672e+00
7.555891478166731901e-01
1.842498329631230003e-01
9.139028384981352782e-02
1.055535347183855777e+00
3.316202418659904283e-01
-7.156111939958503809e-01
3.797006211956982513e-01
1.106849785482848958e+00
1.550677821010817192e+00
1.214442665053148795e+00
9.188953688178433943e-01
2.760179121637286459e-02
6.877582479314956476e-01
1.390563157610344325e+00
-3.163284505829140336e-01
1.383624148208387306e+00
2.645738161521066778e-01
1.555573896524872435e+00
1.068205483724074117e-01
1.331858459965211683e+00
3.848665725475685084e-01
8.264280992054894304e-01
6.216267138917281887e-01
2.755207006569472261e-01
5.971854297348084817e-01
9.118676047131948348e-01
3.528065096225743158e-01
6.875239686487479851e-01
1.040627581286288406e+00
4.229845804040452406e-01
2.533388141458270959e-01
6.788176615096551680e-01
