
Figur of merit = weighted_fidelity_chi
Problem = sphere
Number of qubits = 4
Entanglement = n
Number of layers = 4
Minimization method = L-BFGS-B
Random seed = 30

BEST RESULT


THETA = 
[[[ 1.30407802 -0.33980581  0.09297842]
  [ 0.54312529  0.07352559  0.07274252]
  [ 1.51039151  0.93822632  0.27601113]
  [-0.08480733  0.31677586  1.02535047]]

 [[ 0.7576339  -0.229141    0.73850674]
  [ 1.53708351  0.75558915  0.18424983]
  [ 0.09139028  1.05553535  0.33162024]
  [-0.71561119  0.37970062  1.10684979]]

 [[ 1.55067782  1.21444267  0.91889537]
  [ 0.02760179  0.68775825  1.39056316]
  [-0.31632845  1.38362415  0.26457382]
  [ 1.5555739   0.10682055  1.33185846]]

 [[ 0.38486657  0.8264281   0.62162671]
  [ 0.2755207   0.59718543  0.9118676 ]
  [ 0.35280651  0.68752397  1.04062758]
  [ 0.42298458  0.25333881  0.67881766]]]
ALPHA = 
[[[ 0.02865995 -0.01914691  0.20246824]
  [ 0.70558264  0.94533965  0.64139562]
  [ 0.17647455  0.5282089   0.29476354]
  [-0.04652899  0.64971658  0.29656173]]

 [[-0.25246375 -0.01673493  0.42705844]
  [ 0.63622233  0.23168718 -0.11436843]
  [ 0.07135813 -0.34819585  0.31237847]
  [ 0.46679564  0.96971184 -0.20065265]]

 [[-0.31804793 -0.80948772  0.11398543]
  [ 0.67224267 -0.02660767 -0.25086917]
  [ 0.26829417 -0.28651205  0.89886663]
  [ 0.00103478  0.54543787  0.71603888]]

 [[ 0.11617662  0.28070204  0.23060113]
  [ 0.80116194  0.28363605  0.20133351]
  [ 0.32267701  0.21048795 -0.26290678]
  [ 0.49120897  0.60294104  0.32488844]]]
WEIGHTS = 
[[ 2.61536693  0.444708    1.85795935 -0.56619427]
 [ 2.63075978 -2.94629568  1.85503079 -0.2417844 ]]
chi**2 = 0.07877828320896267
acc_train = 0.974
acc_test = 0.953