2.865994732699492578e-02
-1.914690687032700664e-02
2.024682357801302901e-01
7.055826415819203001e-01
9.453396498559234473e-01
6.413956214651389542e-01
1.764745453088347460e-01
5.282088971542137079e-01
2.947635443547167999e-01
-4.652899480170177848e-02
6.497165799387781826e-01
2.965617347093210121e-01
-2.524637511621246611e-01
-1.673492730747159693e-02
4.270584413117280431e-01
6.362223277871783544e-01
2.316871775836718550e-01
-1.143684348043101096e-01
7.135812703610362739e-02
-3.481958486227737515e-01
3.123784688725425585e-01
4.667956398924127392e-01
9.697118369270841809e-01
-2.006526542974164107e-01
-3.180479254119866761e-01
-8.094877220495341197e-01
1.139854335639642474e-01
6.722426697449043198e-01
-2.660767305388411080e-02
-2.508691724538699708e-01
2.682941690405779012e-01
-2.865120541594747272e-01
8.988666266730913623e-01
1.034782371566620937e-03
5.454378687110993384e-01
7.160388831037226565e-01
1.161766230701612584e-01
2.807020357566827329e-01
2.306011329908570218e-01
8.011619392805851003e-01
2.836360459314576921e-01
2.013335071414804334e-01
3.226770075547721328e-01
2.104879512333077685e-01
-2.629067774814135561e-01
4.912089742775194723e-01
6.029410447989398403e-01
3.248884358629008928e-01
