
Figur of merit = weighted_fidelity_chi
Problem = sphere
Number of qubits = 4
Entanglement = n
Number of layers = 6
Minimization method = L-BFGS-B
Random seed = 30

BEST RESULT


THETA = 
[[[ 1.19233773 -0.39578342  0.09298091]
  [ 0.72022716  0.72425808  0.01676584]
  [ 0.58373205  1.01415432  0.92674396]
  [ 0.25925374  0.60380424  1.10127524]
  [ 0.55599412  0.24830288  1.02553546]
  [ 1.61254288  0.70174305  0.66169281]]

 [[-0.71565202  0.46085174  0.27777355]
  [ 0.32534429  0.40554044  0.51216562]
  [ 0.32392896  0.95605321  0.94473546]
  [ 0.3166071   0.54255163  1.13217371]
  [ 0.17398457  0.92779899  0.11936845]
  [ 0.69014751  0.10682077  0.87603393]]

 [[ 1.00208978  0.60309673  0.6216275 ]
  [ 0.11646918  0.75767968  0.68853816]
  [-0.10693912  0.0613518   1.20112373]
  [ 1.08752705  0.16020515  0.05264777]
  [ 0.62060546  1.70238831  0.10933443]
  [ 0.68471393  0.79569484  0.93664635]]

 [[-0.05414634  0.87335405  0.62572929]
  [ 0.56302333  0.35803764  0.69159622]
  [ 0.50234208 -0.29196825  0.13537729]
  [ 0.59967402  0.33412892 -0.31466379]
  [ 0.03587876 -0.42284711  0.43630489]
  [ 0.94927207  0.96971179 -0.42763766]]]
ALPHA = 
[[[ 2.99497443e-02 -1.84767716e-01  1.13986115e-01]
  [ 3.33318143e-01 -3.98475215e-01  5.34466155e-02]
  [ 5.88444981e-02  3.26793798e-01  1.10428373e+00]
  [-6.30072512e-01 -1.52307652e-02  2.81911043e-01]
  [ 2.55175969e-01 -5.85564465e-01  6.70257754e-04]
  [ 1.96300596e-01  6.05104976e-01  5.97153809e-01]]

 [[ 3.33037503e-01  6.97838608e-01  6.71630130e-02]
  [ 3.14442338e-01  6.11033447e-01  1.11268142e+00]
  [ 8.30151680e-01  3.34516765e-01  7.41309673e-01]
  [ 9.41071731e-01  5.25912462e-01  5.18592614e-01]
  [ 3.97936643e-01  6.89736412e-01  3.88450572e-01]
  [ 1.37350575e-01  7.10610211e-01  8.85301229e-01]]

 [[-3.20704361e-01  2.87592487e-01  6.59266980e-01]
  [-5.75787343e-01  4.94401234e-01  3.83943169e-01]
  [ 1.10973025e+00  8.39221692e-01  2.16435741e-01]
  [ 8.63333699e-01  5.76422773e-01  1.16055561e+00]
  [-2.74474001e-01  1.02494426e+00  4.75358056e-01]
  [ 1.06838148e+00  8.92723602e-01  7.20491482e-01]]

 [[-1.90347017e-01  8.19356666e-01  8.18065210e-01]
  [ 3.84739481e-01  3.18245009e-01  2.93814642e-01]
  [ 1.48576084e-01  7.68730987e-01 -2.83198036e-01]
  [-1.59264728e-03  7.08812301e-01 -4.37008384e-01]
  [ 4.64381750e-01  6.06666137e-01 -5.20938422e-01]
  [ 4.42971477e-01  9.25970751e-01 -2.29867809e-01]]]
WEIGHTS = 
[[ 0.91224242  0.7372636  -1.28867262  0.65234173]
 [ 0.90538455  0.65698136 -1.22095793  0.60735593]]
chi**2 = 0.07240830984702194
acc_train = 0.96
acc_test = 0.92925