-1.604218003923595592e+00
5.766129366155153813e-01
8.554162985335743707e-01
1.128033363622178015e-01
1.160298591758736064e-01
3.697809126221652809e-01
1.385332947800007597e+00
4.442207635486010719e-01
7.530335083031294285e-01
4.941334454499356488e-01
1.455616394756298781e+00
7.836939394507729251e-01
4.710921635807622243e-01
1.329795041190756644e+00
1.904646297415018674e+00
3.042383912298735060e-01
2.752454842644235233e-01
1.487221807454220501e+00
2.135227883753719469e-01
1.940953937647416916e-01
3.289407429997642240e-01
1.949539903514667438e+00
-2.729433012872014008e-01
-7.037735430376027557e-01
2.744753629600935052e-01
9.426441479641478605e-01
-2.377924488332961439e-01
2.010002951567920082e+00
5.498775160918215749e-02
2.920521372866985987e-01
1.171919915604369811e+00
7.913614791587152419e-01
-7.525219277352115932e-02
-5.887206666238420372e-01
2.820445379184790408e-02
9.326002067335226187e-01
