
Figur of merit = weighted_fidelity_chi
Problem = sphere
Number of qubits = 2
Entanglement = y
Number of layers = 8
Minimization method = L-BFGS-B
Random seed = 30

BEST RESULT


THETA = 
[[[ 1.86749258 -0.2275621   0.09298213]
  [ 1.42766774  0.90939442  0.18498564]
  [ 1.25375859  0.38075739  1.1118772 ]
  [-0.17298558 -0.02430554  0.46787953]
  [-1.24475157  1.31978768  0.39742398]
  [ 1.07175152  1.20020017  1.73317798]
  [ 1.01225949  1.00120824  0.7762297 ]
  [ 1.27754101  0.37970176  1.05252133]]

 [[ 1.25542713  1.07572709  0.91889811]
  [ 0.22818485  0.61416563  1.25184819]
  [ 0.52144928  1.15126692  0.19098226]
  [ 0.68183126 -0.27649581  1.09950053]
  [-0.23038685  0.08668681  0.23830838]
  [ 1.18169052  0.54312241  0.17212923]
  [ 0.22314397  0.61177248  0.98656535]
  [ 0.74430704  0.2533398   0.60306885]]]
ALPHA = 
[[[ 0.07856909  1.01199694  0.2024696 ]
  [ 0.26339678  1.37138681  1.49007076]
  [ 0.86375374  0.15909953  0.4667756 ]
  [ 1.59670619  1.08885629 -0.0677334 ]
  [ 1.17425547 -1.4844893  -0.48862489]
  [ 0.99338737  0.50773572  0.44738519]
  [ 0.22459813 -0.16563062  0.00773223]
  [-0.60162445  0.96971338  0.39592475]]

 [[ 1.53338114  0.64851437  0.11398761]
  [ 0.00909252 -0.26017712  0.33831423]
  [-0.05694628 -0.49908244  0.75751752]
  [-0.22418412 -0.35641373  1.18563682]
  [ 0.98124986 -0.35224442  0.64576654]
  [ 0.19624025  1.16366573 -0.24254052]
  [ 0.22766638 -0.20604231 -0.25238901]
  [-0.16701312  0.60294014  1.39075206]]]
WEIGHTS = 
[[-1.4081954   2.37374915]
 [-1.37459807  2.43983914]]
chi**2 = 0.04699760436870403
acc_train = 0.986
acc_test = 0.942