7.856908717235851214e-02
1.011996943436867635e+00
2.024696025698519419e-01
2.633967818708856101e-01
1.371386812504417518e+00
1.490070763476149862e+00
8.637537378551423117e-01
1.590995255161746225e-01
4.667756024455277930e-01
1.596706185173774495e+00
1.088856286655949690e+00
-6.773340163582365625e-02
1.174255472204737805e+00
-1.484489300736019146e+00
-4.886248893065624488e-01
9.933873745125215704e-01
5.077357231044231645e-01
4.473851885658199912e-01
2.245981328136450739e-01
-1.656306179616921781e-01
7.732225959038313730e-03
-6.016244490851571092e-01
9.697133804247324296e-01
3.959247506380982329e-01
1.533381139017237604e+00
6.485143692462389531e-01
1.139876089782927843e-01
9.092522390415766140e-03
-2.601771151367549550e-01
3.383142259618769354e-01
-5.694628203784685150e-02
-4.990824391809906557e-01
7.575175185982022663e-01
-2.241841156667942758e-01
-3.564137318866177351e-01
1.185636817503299856e+00
9.812498550265724706e-01
-3.522444189596254938e-01
6.457665420987497296e-01
1.962402520974881603e-01
1.163665729340072730e+00
-2.425405182253539960e-01
2.276663841926190590e-01
-2.060423088882980813e-01
-2.523890128452671577e-01
-1.670131245126556807e-01
6.029401395831226473e-01
1.390752060110375554e+00
