-1.018798833037444895e+00
1.814832562046549136e-01
8.554116008898305923e-01
8.645684364895506180e-02
9.100832977263821622e-02
-2.536206020014701579e-02
1.919975115512514652e+00
-2.447578270290614033e-01
7.280153564196745197e-01
1.332415680710042238e+00
5.255896524193411912e-01
9.471201948424849693e-02
5.726841244399417663e-01
7.722864830106829920e-03
9.746153176010063923e-01
-1.144969205402401213e+00
-2.967433907121296843e-01
1.651522767449946083e-01
1.645456922197704897e+00
1.620171593085011796e+00
-2.430478585009501480e-01
7.881359182251991280e-01
4.773966822840838842e-01
7.223005395693804509e-01
