8.745262237741642242e-01
7.811366381304659656e-01
1.137899496804962274e+00
-1.194691677366871430e+00
7.406475867809557689e-01
1.951175913423328190e+00
1.435566001614501097e+00
1.090608915304876581e+00
-7.839946046619278297e-01
8.800539548368302434e-01
-3.242000092470911921e-01
1.234142774162906436e-01
-4.124008888002981266e-01
-1.568827942030950884e-01
6.897735854053843596e-02
1.876952550193821539e-02
3.296666188265341968e-01
1.845698676101943311e-02
3.685863411988368199e-01
1.242841760761212444e-01
