1.078658049897371907e+00
-2.019770761086797095e-01
9.298170333528488207e-02
3.859664220121812872e-01
3.292875396314948744e-01
2.105713326737171653e-01
5.530023661193405049e-01
1.141734691383666789e+00
5.317724486307295884e-01
-7.278631270084756633e-01
4.870632673282102032e-01
1.228856848653872014e+00
4.933595182713991778e-01
2.755902635913822230e-01
9.087935875113011264e-01
1.219668997730808391e+00
1.133304398116973699e+00
6.889800926065386966e-01
1.067060795536546758e+00
6.509432686450482564e-01
7.093346995106483144e-01
5.963343686547306621e-01
1.983992546671083657e-01
7.022574828420765636e-01
1.464685847700188726e+00
9.057580611859207265e-01
7.375943401531805943e-01
2.720938444651572197e-01
5.000008333483487721e-01
1.081878515316356593e+00
5.972259961802621753e-01
6.958423388314868285e-01
7.681686133043379161e-02
5.701777443606614870e-01
-5.502215924891223908e-01
6.440752668257000435e-01
-3.982834629655264136e-01
7.326629372309562127e-01
-3.541420086305812481e-02
2.253896510195243230e-01
3.097180470383165130e-01
8.181027317290519019e-01
5.930438228052400396e-01
5.093795805517261632e-01
7.531596418558986761e-01
9.233510201659733685e-01
8.342754593838453969e-01
5.006744619091080262e-01
9.020631431275406564e-01
7.772044594515350457e-01
7.834034714777384778e-01
3.743685850250882963e-01
3.131551381562491243e-01
1.146412860180232550e-02
9.647376547725520224e-01
1.782098671851236160e+00
1.431893732374780459e-01
1.348513827525756215e+00
6.497176306664101952e-01
1.600342117534073294e+00
