-5.699610423476926258e-01
3.399632224369439348e-01
4.270572598871684167e-01
1.298769085592728967e+00
6.766581339484704083e-01
3.189610403412558859e-01
-1.678275115034250919e-01
2.782161666206937611e-01
7.774888918499601731e-01
6.508638895548181091e-01
2.381800426750165567e+00
-1.112355328802604737e-01
1.123337158044948492e+00
-2.219225451580289499e-01
-9.229997922522457099e-01
7.496348486749803142e-01
8.401137272237596543e-02
8.971369336225858415e-01
7.087802471887175715e-01
7.198874340556003781e-02
1.765623628254100463e+00
-1.693916943881481896e-01
5.978299878417506763e-01
2.158534698334335089e-01
-3.360740334676102781e-01
-3.094051322231356482e-01
5.909026717758841113e-02
1.340833780260757280e+00
6.051066346365328030e-01
1.073404608478848221e+00
7.428017760749046072e-01
1.431712843172485705e+00
6.716378862727942489e-02
9.007319311150353558e-01
-7.892707382958757956e-01
5.289173932327266847e-01
1.209588685917798445e+00
5.631796376568931617e-01
9.955342559100668343e-01
9.093637268737324586e-01
-9.105442943008483780e-01
1.126961132915142771e+00
2.944217091668736574e-01
9.743756156296859983e-01
3.710152037500241695e-01
-2.134987906299587734e-01
-5.038895911618893608e-01
6.668143292282167067e-01
-5.206492551337622565e-01
1.152033293334898012e+00
-1.233893801098777221e+00
-3.559672968510037006e-01
5.986431414192985856e-02
2.491202496225394247e-01
1.184316315335531611e+00
-2.523728181153758188e-01
1.421964812652537935e+00
-7.990249839972057844e-02
1.905871488275965586e-01
8.081497266034508575e-01
