1.159312458728336104e+00
6.321211216769639929e-01
8.554097592730173227e-01
9.181272054368497804e-01
8.019486439309810033e-02
4.252807562178864687e-01
1.612585665441441662e+00
7.918570380415186349e-01
7.171999189570194000e-01
6.603391963475419013e-01
4.538312385169971930e-01
1.131327374699012456e+00
3.102775969300424763e-01
3.156425622383500496e-02
9.028612607129652412e-01
7.138201682733537057e-01
2.108534142872787176e-01
4.949468671210229820e-01
4.995069745985327159e-01
1.236767871555330744e+00
2.645481474544209011e-01
3.969268432670587932e-01
5.110284621424986407e-01
3.388912891588711784e-01
1.106587249232295012e+00
1.284204641736921948e+00
5.461760251590929149e-01
2.772296982845519620e-01
7.710384369921512437e-01
6.336108545419467664e-01
2.620211319760348823e-01
7.827774589213986056e-01
4.388035462687443489e-01
4.528597148028560282e-01
-3.276177148824528373e-01
9.240072606553575429e-01
8.076338436226526696e-01
2.217602904912707451e-01
2.465329093797237192e-01
1.287907759040713973e+00
2.896954694891508073e-02
-2.457804439665754737e-01
3.295393804648286129e-01
-3.247640059853582062e-01
8.851644683118167212e-01
-5.209836741045806852e-01
5.654918144471445807e-01
2.395464221773156432e-01
-1.817576793863035778e-01
-9.222376615481059359e-02
8.958697758903616526e-01
1.043667716859663974e+00
3.973137039431332562e-01
2.827825421463710520e-01
8.128766947314836067e-01
-4.212466341336462139e-01
-7.337762748483221686e-02
6.878444296647037159e-01
2.766382012252475986e-02
-3.828743740259524242e-02
