6.011824609488904958e-01
3.839568371847556366e-02
8.554139845072412651e-01
3.378781684069159796e-01
-5.558208324663249655e-01
-1.684451820945256362e-01
3.153337091872277398e+00
1.061238709589498619e+00
8.118746847980119752e-02
-1.240794941117334238e+00
5.255840369092191766e-01
1.400705908178265791e+00
-7.579869859325630288e-02
3.633013572380733303e-01
9.746105908112567828e-01
-4.131158358087983484e-01
1.079094611329057957e-01
5.207215399407945089e-01
-4.545225368003421584e-01
1.161075542029327057e+00
1.616002238840390515e-01
-5.965450232977854705e-01
4.773892738022683657e-01
2.632009158674847860e-01
5.141181961316404481e-01
9.263100947914820749e-01
5.125397526111020730e-01
2.624910691128924167e+00
4.253703686910975112e-01
2.757145459954871147e-01
-1.447411891335480538e-01
5.877298912732108471e-01
2.951220429270733359e-01
3.524745717597071448e-01
2.819258716934787065e-02
7.289586358369961605e-01
4.722733569158685252e-01
-1.302012016171153197e-01
6.023435410473740870e-01
3.199781094140884186e+00
-4.755369988271657133e-01
-5.977493608252179014e-01
1.622634313673294804e+00
2.694681967835335090e-01
3.806547019457510173e-01
-1.644677897311455528e+00
5.084571933928140330e-01
1.931639675233558784e-01
