
Figur of merit = weighted_fidelity_chi
Problem = crown
Number of qubits = 4
Entanglement = n
Number of layers = 4
Minimization method = L-BFGS-B
Random seed = 30

BEST RESULT


THETA = 
[[[ 0.60118246  0.03839568  0.85541398]
  [ 0.33787817 -0.55582083 -0.16844518]
  [ 3.15333709  1.06123871  0.08118747]
  [-1.24079494  0.52558404  1.40070591]]

 [[-0.0757987   0.36330136  0.97461059]
  [-0.41311584  0.10790946  0.52072154]
  [-0.45452254  1.16107554  0.16160022]
  [-0.59654502  0.47738927  0.26320092]]

 [[ 0.5141182   0.92631009  0.51253975]
  [ 2.62491069  0.42537037  0.27571455]
  [-0.14474119  0.58772989  0.29512204]
  [ 0.35247457  0.02819259  0.72895864]]

 [[ 0.47227336 -0.1302012   0.60234354]
  [ 3.19978109 -0.475537   -0.59774936]
  [ 1.62263431  0.2694682   0.3806547 ]
  [-1.6446779   0.50845719  0.19316397]]]
ALPHA = 
[[[ 0.45401712 -0.85735993]
  [ 1.19456265 -2.07062166]
  [ 0.0604345   2.45355116]
  [ 1.68016255  0.11285221]]

 [[-0.2215106  -0.47918332]
  [ 0.34082808 -1.01916988]
  [-0.77591674  0.14523975]
  [ 0.77157518  0.76307467]]

 [[ 1.30338724  1.11656049]
  [ 1.90154091 -0.96668489]
  [ 1.95682778 -0.17508475]
  [ 0.51321466  0.87853151]]

 [[ 0.40845033 -1.09896548]
  [-0.28388614 -0.6846245 ]
  [ 0.01602963  0.68596373]
  [ 0.01692539  0.29002655]]]
WEIGHTS = 
[[ 2.27329906 -0.11434813 -1.78884129  1.23539413]
 [ 2.41951896 -1.26726738 -2.24568809  1.05609366]]
chi**2 = 0.06922559839519893
acc_train = 0.955
acc_test = 0.92475