4.540171154214227012e-01
-8.573599296991787355e-01
1.194562648256001669e+00
-2.070621657300466545e+00
6.043450391780629677e-02
2.453551160669821041e+00
1.680162545053334178e+00
1.128522089341616463e-01
-2.215105980340865144e-01
-4.791833176851402198e-01
3.408280841684409035e-01
-1.019169877814763536e+00
-7.759167402358636556e-01
1.452397487889015015e-01
7.715751762670789438e-01
7.630746728641781829e-01
1.303387244785596533e+00
1.116560489705391790e+00
1.901540910298251008e+00
-9.666848936897864952e-01
1.956827784130470649e+00
-1.750847508665318852e-01
5.132146559161003818e-01
8.785315089395876464e-01
4.084503265707287722e-01
-1.098965479044886617e+00
-2.838861422841742477e-01
-6.846244950068995916e-01
1.602962608022966487e-02
6.859637318515049431e-01
1.692539219395171671e-02
2.900265515731715316e-01
