6.512560520954109589e-02
4.918684636488364958e+00
3.306974177614289134e-01
4.086809228350886114e-01
-6.670757266760012349e-01
3.396821295838143850e+00
-5.854415784558470115e+00
-6.606772722448174540e-02
3.990599750905762022e+00
-1.459631067817806604e+00
6.340060990926248141e-02
4.334678856500887356e+00
2.570000548650774319e-01
4.015316012458558959e+00
2.267761979363662750e+00
-9.018955253813512041e-01
-1.176333814250276388e+00
1.626502361326669588e+00
-2.650746544062285714e+00
-4.598137869352241780e-01
