5.639768481390862176e-01
6.946514674901175246e-01
8.554109669166052310e-01
2.014325475165909818e-01
4.522531539582764770e-01
4.878113524717868077e-01
1.079115804528010925e+00
6.761142802467479118e-01
1.089258540049035329e+00
2.011985914961670618e-01
3.251040106988081213e-01
1.015583283926407621e+00
5.801607225931262324e-01
2.897002362008614385e-01
7.741334580151922884e-01
1.982880457189536427e-01
2.882920234140411986e-01
4.471249279129693721e-01
4.083790304709388752e-01
6.762142810987002983e-01
3.419875650072914941e-01
6.805666336511343451e-01
9.533731044316297309e-02
-2.216623063401771676e-01
1.278686997450680263e+00
9.090694260246483527e-01
5.125385102203655618e-01
1.877854218775352857e+00
6.450052373218951862e-01
2.584751908600931847e-01
6.355072797302581122e-01
4.449307402794334121e-01
5.147525419271758995e-01
-7.588490400038344283e-03
-2.471220931421908851e-01
5.861603013019798247e-01
-5.131605526267422196e-02
4.812059213405280311e-01
3.270303576145098257e-01
9.234563254576783065e-01
3.754842493410377458e-01
1.366495340443624196e-02
3.645993941801851101e-01
8.505980108052038080e-01
1.231677889259890746e+00
4.325928989475599784e-01
6.168881079404904266e-01
7.742946905033186722e-01
-4.552901725282647583e-01
2.046662313244500819e-01
8.388337797122700223e-01
1.136757036196006654e+00
9.667349163942180468e-01
5.796731731967336154e-01
1.939512819665050181e-01
1.560125519964951912e-01
4.960439507663817471e-01
3.906689001578381171e-01
8.202401358949998333e-02
5.389715690214105237e-01
-1.790133621115299889e-01
5.141283005854802024e-01
-3.624596156611407244e-02
6.502565573996180737e-01
5.278357710082848264e-01
9.527133638120989234e-01
7.010111848297353454e-01
3.525693807467327190e-01
4.093694278214169979e-01
3.005101671631290605e-01
-2.489590960885235682e-01
7.845602707320457059e-01
-7.606587567150613349e-02
1.198110249129065386e+00
4.970461733721946718e-02
-5.549396426608438349e-01
8.393151000124988714e-01
4.379928335230374725e-01
4.654663016711531598e-01
2.500911855610857826e-01
7.706145749894298680e-01
-6.827121967596083696e-02
5.597173774143135994e-01
1.400814156605181549e-01
-4.717060747346308314e-01
1.146297836021629019e-01
2.221266581027698250e-01
-3.912218771504246684e-01
3.937537291567633213e-01
5.512442508698526256e-01
5.299902955144178973e-01
4.672390730003551096e-01
9.179451524593631451e-01
-2.007080361378533739e-01
5.696556074281708959e-01
1.853949225686851443e-01
