-6.635533984569195187e-01
9.261582281057791910e-01
4.794079185690327538e-01
5.594681898948850041e-01
-5.394730157652410929e-01
-3.211474697720279742e-02
1.195294747825964787e+00
3.377344798564788086e-01
3.959142814128974175e-01
2.633643898311666121e-01
2.059553955517388207e-02
7.396865818766823475e-01
-9.735783726561638568e-03
5.888669320763931236e-02
-1.568690585076752408e-01
5.240733417322426257e-01
6.504062031152176848e-01
-5.647618469906018346e-01
1.829837111345923584e-01
9.413158804589975004e-01
1.174493286422172433e+00
-5.140007354718046928e-01
1.598886296564908438e+00
1.183663318341616755e+00
8.094124631312832330e-01
5.688310777484403280e-01
1.280311456919673629e+00
4.687761756107276107e-02
7.638206898049456628e-01
7.306621032116048520e-01
7.319735586697562191e-01
4.410015667804235706e-01
7.009300915646869967e-01
9.919366810612865182e-01
6.200149009523133747e-01
8.990245751557351950e-01
9.038619865438236589e-01
2.815606486667445729e-01
9.393627828321472473e-01
-5.549805537405949618e-01
1.179668788301566185e+00
7.063393090309004752e-01
-1.322894226371691628e+00
4.155989952963246720e-02
-3.227910588016606463e-01
8.849833614077540211e-01
1.393494814045300956e+00
1.327401009954503330e-01
1.642115309703340020e-01
2.584472648878553547e-01
5.415163925684686186e-01
9.178879501913014272e-01
9.747067772063189306e-01
5.387649931517400625e-02
9.484203203271177607e-01
-2.145761491788178987e-01
8.076410398881992414e-01
6.654269158166105091e-01
4.572035593126388409e-01
1.071585681086678177e+00
1.859254364835534412e+00
3.069868266484945263e-01
1.288896523530691507e+00
1.165601154376603610e+00
