
Figur of merit = weighted_fidelity_chi
Problem = wavy lines
Number of qubits = 4
Entanglement = n
Number of layers = 8
Minimization method = L-BFGS-B
Random seed = 30

BEST RESULT


THETA = 
[[[ 0.56397685  0.69465147  0.85541097]
  [ 0.20143255  0.45225315  0.48781135]
  [ 1.0791158   0.67611428  1.08925854]
  [ 0.20119859  0.32510401  1.01558328]
  [ 0.58016072  0.28970024  0.77413346]
  [ 0.19828805  0.28829202  0.44712493]
  [ 0.40837903  0.67621428  0.34198757]
  [ 0.68056663  0.09533731 -0.22166231]]

 [[ 1.278687    0.90906943  0.51253851]
  [ 1.87785422  0.64500524  0.25847519]
  [ 0.63550728  0.44493074  0.51475254]
  [-0.00758849 -0.24712209  0.5861603 ]
  [-0.05131606  0.48120592  0.32703036]
  [ 0.92345633  0.37548425  0.01366495]
  [ 0.36459939  0.85059801  1.23167789]
  [ 0.4325929   0.61688811  0.77429469]]

 [[-0.45529017  0.20466623  0.83883378]
  [ 1.13675704  0.96673492  0.57967317]
  [ 0.19395128  0.15601255  0.49604395]
  [ 0.3906689   0.08202401  0.53897157]
  [-0.17901336  0.5141283  -0.03624596]
  [ 0.65025656  0.52783577  0.95271336]
  [ 0.70101118  0.35256938  0.40936943]
  [ 0.30051017 -0.2489591   0.78456027]]

 [[-0.07606588  1.19811025  0.04970462]
  [-0.55493964  0.8393151   0.43799283]
  [ 0.4654663   0.25009119  0.77061457]
  [-0.06827122  0.55971738  0.14008142]
  [-0.47170607  0.11462978  0.22212666]
  [-0.39122188  0.39375373  0.55124425]
  [ 0.5299903   0.46723907  0.91794515]
  [-0.20070804  0.56965561  0.18539492]]]
ALPHA = 
[[[-0.6635534   0.92615823]
  [ 0.47940792  0.55946819]
  [-0.53947302 -0.03211475]
  [ 1.19529475  0.33773448]
  [ 0.39591428  0.26336439]
  [ 0.02059554  0.73968658]
  [-0.00973578  0.05888669]
  [-0.15686906  0.52407334]]

 [[ 0.6504062  -0.56476185]
  [ 0.18298371  0.94131588]
  [ 1.17449329 -0.51400074]
  [ 1.5988863   1.18366332]
  [ 0.80941246  0.56883108]
  [ 1.28031146  0.04687762]
  [ 0.76382069  0.7306621 ]
  [ 0.73197356  0.44100157]]

 [[ 0.70093009  0.99193668]
  [ 0.6200149   0.89902458]
  [ 0.90386199  0.28156065]
  [ 0.93936278 -0.55498055]
  [ 1.17966879  0.70633931]
  [-1.32289423  0.0415599 ]
  [-0.32279106  0.88498336]
  [ 1.39349481  0.1327401 ]]

 [[ 0.16421153  0.25844726]
  [ 0.54151639  0.91788795]
  [ 0.97470678  0.0538765 ]
  [ 0.94842032 -0.21457615]
  [ 0.80764104  0.66542692]
  [ 0.45720356  1.07158568]
  [ 1.85925436  0.30698683]
  [ 1.28889652  1.16560115]]]
WEIGHTS = 
[[ 0.04522683  1.2240028  -0.67677362  0.59312966]
 [-0.38225484  0.24409052  0.32221268  0.76648239]
 [ 0.58052746  0.24709451  0.1194548   0.30783218]
 [ 0.32558456  0.28149199  0.97101522 -0.12694766]]
chi**2 = 0.021880968792389006
acc_train = 0.96
acc_test = 0.9275