8.646501297549243903e-01
3.737749620036920351e-01
9.189022030572728816e-01
-3.997637603710180176e-01
2.063275830699959901e+00
-3.391621896720458995e+00
1.126794558798612123e+00
1.734346023537901571e+00
3.564334737808916742e+00
-5.312093591995805664e-01
1.068192941998338946e-01
3.297536120300765372e+00
7.437756371291162072e-01
-1.149080713859114838e-01
6.216317927667677212e-01
1.751643385067810810e+00
-1.449318858141036559e-01
1.343414417878265876e+00
-7.326623981950275422e-02
3.291518002455794623e+00
9.123280668134712279e-01
8.358473806469790546e-01
2.533504784344614569e-01
-5.693723962795625981e-01
