1.710125426692178374e+00
-1.782695939231539461e-01
9.298561367795013521e-02
6.076593891794653812e-01
-5.861256395532342400e-02
2.342954701401649131e-01
1.260750413012286630e+00
-8.887534702244161144e-02
1.438789360054003597e-01
-4.405805730258695596e-01
3.167872490115817841e-01
-1.743930017725484147e-03
1.497253053274152146e+00
-2.152650803152428849e-01
7.385102725670434909e-01
1.153831582394072991e-01
2.216935534761913518e-01
1.981278422147780272e-01
1.554871219351096068e+00
1.529710384435135850e+00
-2.022790222927488835e-01
-1.059943682950553467e-01
3.797035843493379859e-01
1.581023046905344120e+00
