-2.350750950838704501e-01
1.190726443365851539e+00
4.935823578147013335e-01
4.583452647334252394e-01
-4.355121587394387705e-01
1.469198851484671220e+00
1.991094507817900094e+00
6.333780578192479416e-01
-2.322575970473527568e-02
6.260678249450338795e-01
4.527474174522696515e-01
1.806056187993015483e+00
-6.881417372443414671e-01
-8.063604928957927021e-01
-3.829163682013409647e-02
4.798448822677219838e-01
-2.013898912840046407e-01
-3.229617976387021416e-01
9.068048630811820221e-01
3.155833049000667662e-02
1.355554091691599794e+00
8.557226636923183083e-01
9.945769855651525049e-01
8.862901026804340665e-01
1.004747250269601100e+00
9.519259019895314200e-01
1.127127016069086052e+00
1.923257613918342435e-01
4.920914213406423210e-01
5.050133398412298691e-01
-6.535742668176093562e-02
5.449805878627763667e-01
5.149905152402107777e-01
6.755420700678410606e-01
6.984488717101513533e-01
-2.401632686148483242e-01
1.122052695085025142e+00
1.142784746963813269e+00
4.895220483289297597e-01
6.966046579041850206e-01
8.793715973515036088e-01
1.517317618062304030e+00
1.023255938257416453e+00
-1.602733991938130875e-01
8.446487214251324760e-01
3.517158906917657868e-01
1.505083497119596103e+00
5.821844924572507907e-01
1.198181901862729104e+00
7.247403390426165881e-01
9.147677124105630941e-01
1.762694926712413679e+00
-2.650855097556942264e-01
1.613201228155604072e-01
-1.527443363300918511e-01
1.760150858948595909e-01
-1.658927790403523506e-01
4.930428076927929615e-01
-3.395529746566529616e-01
6.506451342065966426e-01
1.171568990415888800e+00
2.656000619770366722e-01
1.412402375759424400e+00
8.898327761309644535e-01
