1.274053426758593677e+00
9.154007467462730308e-01
8.554114302348027055e-01
-5.787604243742231480e-01
-1.627277379932934864e-01
7.085601870029991645e-01
1.489122798999887642e+00
1.085580378422975389e+00
4.742757544562003491e-01
3.490753743273766196e-01
6.851250458943323185e-01
1.425049741596021047e+00
6.686468111737193798e-01
2.432373666103240795e-01
1.134152975347115566e+00
-9.282237539605699972e-01
4.103964753329843451e-01
4.006626589719926024e-01
1.358073457379225468e+00
1.231493539565727158e+00
4.640923119972578670e-01
7.817512096278833589e-01
4.773907458177392149e-01
3.336160606906479753e-01
1.167551547526490818e+00
1.102642999216330466e+00
5.125393282235816139e-01
1.663089748237508880e+00
1.166086739563714919e-01
4.520495113822622368e-01
1.036956553100902914e-02
7.788382211476569950e-01
-1.364415842317956776e-02
1.466577768696860629e+00
1.752938357768223099e-01
9.200677736864623091e-01
9.334870278203782901e-01
1.097534032118586911e+00
7.494455993512227909e-01
1.193544193069745019e+00
-1.612940956308266116e-01
6.299928387263262763e-01
8.057659595272855801e-01
4.978411971538814762e-01
6.949003097994990163e-01
1.208710633889315655e+00
5.084572392833197618e-01
4.215369704453311717e-01
-5.872915895983431556e-01
-2.846126865729964317e-01
8.388349038304092620e-01
-3.130880478110710519e-02
2.245099491591636895e-02
9.039418445391267376e-02
1.202371874727509310e-01
3.353225389045275118e-02
-4.482405130904166812e-01
-3.512589730007293909e-01
3.202139483762343475e-01
4.164911658819489548e-01
2.646296995635079585e-01
5.106165739695147643e-01
2.019431442679976985e-01
5.278551453308513164e-01
8.497663866688807133e-01
9.492015916422379407e-01
1.260947798108975837e+00
7.903572361204909136e-01
7.313003807670725998e-01
1.055581263699937322e+00
2.084907701929278323e-02
1.222349334457820680e+00
2.786809663333527642e-01
7.817906534145795394e-01
4.970462967544115457e-02
5.646668877089152522e-02
1.818534295868289297e-01
2.167208922174796923e-02
1.815986682481913750e+00
1.695641670104209020e-01
1.131501699261768801e-01
-1.286988995368196498e-01
1.639597888864681163e-01
5.955413709073488493e-02
2.978453471823717669e-01
-3.386602172206160666e-01
-1.736322390829860285e-01
9.563929822259439884e-02
-3.937102147379266115e-01
9.795486565968500314e-02
1.640607255889382776e-01
9.142572612014837619e-02
1.304809027113006115e-01
8.521597140899878076e-01
8.391861143002936341e-02
-1.904184200377777025e-01
