
Figur of merit = fidelity_chi
Problem = crown
Number of qubits = 2
Entanglement = n
Number of layers = 10
Minimization method = L-BFGS-B
Random seed = 30

BEST RESULT


THETA = 
[[[ 1.52599402 -0.37810196  0.85541081]
  [ 0.19450354  0.15140908 -0.58494753]
  [-0.07465784  0.69907589  0.78841201]
  [ 0.16118003  0.14523606  1.038532  ]
  [-0.0481696   1.22337669  0.59427479]
  [-0.03446226  1.29532512  1.3808067 ]
  [ 0.75622885  0.22334412  1.34901941]
  [-1.12594804  1.44353434 -0.67453275]
  [ 0.02730074  1.46201037  1.47868699]
  [-1.20474949  0.56905646  0.81142069]]

 [[ 0.06748336  0.63096171  0.43880783]
  [ 0.76563439 -0.02786323  0.77218519]
  [ 0.36681585 -0.21694595  0.54628193]
  [ 2.03621276  0.60919471 -0.68449102]
  [ 0.67056017  1.08080852  1.46539488]
  [ 0.42129002  1.70593643  1.00451304]
  [ 1.01970176 -0.52478563  2.0363147 ]
  [ 2.12048674  0.14260357 -0.14978475]
  [ 1.50700605  0.49715266 -0.32808849]
  [ 1.63357827  0.50117376  0.88010696]]]
ALPHA = 
[[[-3.43579512  0.25939229]
  [ 2.0572902  -0.2176587 ]
  [ 1.15975293  1.5106942 ]
  [ 0.65016144  0.10161303]
  [ 0.27117603  3.02215062]
  [-2.72423387  1.25791586]
  [ 2.84626094  0.02539666]
  [ 1.81939789 -0.87038156]
  [ 1.65741918  0.13703523]
  [ 1.94267165  0.29002632]]

 [[ 1.68287152  2.3816133 ]
  [-0.28880663  0.04469347]
  [-0.0308703  -2.12499398]
  [ 0.47803643  1.66668706]
  [ 0.40838256  1.25607801]
  [-1.16480949  1.59646167]
  [ 1.9167988   0.17820399]
  [ 0.46223344 -2.50702048]
  [ 2.06365008 -0.36501252]
  [ 1.93790445  0.4087856 ]]]
chi**2 = -0.8192158472546189
acc_train = 0.945
acc_test = 0.924