-3.435795117650341624e+00
2.593922877163425955e-01
2.057290199248533735e+00
-2.176586976143857211e-01
1.159752926379833848e+00
1.510694196459759997e+00
6.501614365454891908e-01
1.016130328601148741e-01
2.711760312637717663e-01
3.022150615850768496e+00
-2.724233868571606543e+00
1.257915864345809709e+00
2.846260940962003883e+00
2.539665537818844993e-02
1.819397894334376486e+00
-8.703815613812413421e-01
1.657419176704779451e+00
1.370352304733694349e-01
1.942671647896921039e+00
2.900263163386938015e-01
1.682871516282263613e+00
2.381613296885507047e+00
-2.888066306101445546e-01
4.469346904343014792e-02
-3.087029841275258993e-02
-2.124993982168152939e+00
4.780364310074003975e-01
1.666687059493489276e+00
4.083825570737911193e-01
1.256078005932327546e+00
-1.164809494969665016e+00
1.596461669134341177e+00
1.916798803440413757e+00
1.782039921153810991e-01
4.622334363102414412e-01
-2.507020476393414743e+00
2.063650083438012039e+00
-3.650125185091041558e-01
1.937904451058544364e+00
4.087856048669541442e-01
