1.525994015870994147e+00
-3.781019613488388331e-01
8.554108065910949188e-01
1.945035408816920830e-01
1.514090805015528562e-01
-5.849475337852053647e-01
-7.465784409202683158e-02
6.990758870637890920e-01
7.884120079813372595e-01
1.611800286962837281e-01
1.452360612948919438e-01
1.038531997883874958e+00
-4.816960416991627331e-02
1.223376693813249982e+00
5.942747856993608746e-01
-3.446225740093132595e-02
1.295325119532433567e+00
1.380806702895930327e+00
7.562288478023264648e-01
2.233441211116006797e-01
1.349019408744007498e+00
-1.125948038985150834e+00
1.443534344812990922e+00
-6.745327548483199820e-01
2.730073687418153872e-02
1.462010372464786156e+00
1.478686991130787831e+00
-1.204749494684706157e+00
5.690564636219197503e-01
8.114206915327072389e-01
6.748335549962543312e-02
6.309617073303895873e-01
4.388078306108421645e-01
7.656343870552582143e-01
-2.786322893496901917e-02
7.721851864128038700e-01
3.668158535575805623e-01
-2.169459547780806796e-01
5.462819338421412985e-01
2.036212762004137922e+00
6.091947115783497013e-01
-6.844910182547480071e-01
6.705601688205041766e-01
1.080808520260149397e+00
1.465394884241558726e+00
4.212900187451707468e-01
1.705936425209313434e+00
1.004513043386741078e+00
1.019701761888384128e+00
-5.247856302894877700e-01
2.036314703095011058e+00
2.120486735084308627e+00
1.426035709351831937e-01
-1.497847503939065128e-01
1.507006045978593445e+00
4.971526624772554248e-01
-3.280884932495126138e-01
1.633578267411808671e+00
5.011737610401862941e-01
8.801069560456630247e-01
