1.549732047716682271e+00
1.772149123310386321e+00
8.554254568502768219e-01
1.720725927143620160e+00
-2.447065875681768976e-01
1.565315856665933314e+00
1.556006926102565698e-02
1.257365567795756034e+00
3.923014427207294763e-01
-8.888602940918716167e-02
7.957428397387985575e-01
1.596838553162247543e+00
1.005536652318601010e-01
-1.135736750629597225e+00
1.244765262538281902e+00
-2.660236960139907847e-01
7.374853825922200734e-01
-9.783269216129819590e-01
1.490322046409533696e+00
1.263430816431896142e+00
7.911863624356686442e-01
1.838538379860477523e+00
7.684637511789516040e-01
3.655386037696671808e-01
3.230972790451213106e-01
2.797140397523909083e+00
8.035935777163643046e-01
2.938214946424520108e-02
5.690753890446240693e-01
2.146565532024571787e+00
1.890301992569271228e+00
1.515349733022062217e+00
4.388310619829478010e-01
-1.243816631865824057e-01
-2.342454321213937596e-01
1.656550586436364103e+00
9.535367430052815729e-02
-1.499207025427525264e-01
3.398879078304027357e-01
-1.459436069846423989e-01
-6.269551405131629229e-02
-6.174224814066631151e-01
1.442111251478261358e-01
9.000612301469134158e-01
7.934788521226265878e-01
3.564129320441040139e-01
6.098683383368608268e-01
8.237713201250261852e-01
-1.036058781289020292e+00
-9.766062248846804072e-01
9.402430200562204021e-01
1.845780393193942936e+00
3.816870233145483460e-01
-6.016053637106185681e-01
-5.605416471276255391e-02
-3.185347553534461640e-01
-8.904726523191457133e-02
-6.976969337680702377e-02
5.011839087581960728e-01
6.441104918546651514e-02
