-1.838261346615770009e+00
-1.350085423916362326e-01
-1.639599474928457923e+00
2.591456633580069280e-01
-9.488121876077305616e-01
1.950423914915949242e+00
1.751308108037681777e+00
5.874673751353530760e-01
-2.822605496262688418e-01
3.187029562296858076e-01
-3.026330547194822640e-01
8.533606415953177704e-01
-8.591554016685391815e-02
-1.951453368177847036e-01
1.621365125312369815e-01
-8.000381442970567747e-01
1.302352586111235500e+00
1.885188641179179170e+00
-1.906174894474901155e-02
2.900423390989316230e-01
-2.611627815558723031e-01
-3.116100281474623035e-01
2.078568681630101000e+00
2.191802952311654895e+00
-2.567328674685469547e+00
4.673635058213108234e-02
4.607717510114879289e-01
-1.499309005592334820e+00
2.334625686439928405e+00
3.496117033935615404e-02
8.256045454757530988e-02
8.359235128583395458e-01
-1.760274897933556681e-01
-2.082425699104863970e-01
-3.415273533504919468e-01
-1.510352900540321286e-01
6.185327124412441924e-01
-1.012039654425839208e+00
1.030388197320238453e+00
4.087962716389410556e-01
