
Figur of merit = fidelity_chi
Problem = crown
Number of qubits = 2
Entanglement = y
Number of layers = 10
Minimization method = L-BFGS-B
Random seed = 30

BEST RESULT


THETA = 
[[[ 1.54973205  1.77214912  0.85542546]
  [ 1.72072593 -0.24470659  1.56531586]
  [ 0.01556007  1.25736557  0.39230144]
  [-0.08888603  0.79574284  1.59683855]
  [ 0.10055367 -1.13573675  1.24476526]
  [-0.2660237   0.73748538 -0.97832692]
  [ 1.49032205  1.26343082  0.79118636]
  [ 1.83853838  0.76846375  0.3655386 ]
  [ 0.32309728  2.7971404   0.80359358]
  [ 0.02938215  0.56907539  2.14656553]]

 [[ 1.89030199  1.51534973  0.43883106]
  [-0.12438166 -0.23424543  1.65655059]
  [ 0.09535367 -0.1499207   0.33988791]
  [-0.14594361 -0.06269551 -0.61742248]
  [ 0.14421113  0.90006123  0.79347885]
  [ 0.35641293  0.60986834  0.82377132]
  [-1.03605878 -0.97660622  0.94024302]
  [ 1.84578039  0.38168702 -0.60160536]
  [-0.05605416 -0.31853476 -0.08904727]
  [-0.06976969  0.50118391  0.06441105]]]
ALPHA = 
[[[-1.83826135 -0.13500854]
  [-1.63959947  0.25914566]
  [-0.94881219  1.95042391]
  [ 1.75130811  0.58746738]
  [-0.28226055  0.31870296]
  [-0.30263305  0.85336064]
  [-0.08591554 -0.19514534]
  [ 0.16213651 -0.80003814]
  [ 1.30235259  1.88518864]
  [-0.01906175  0.29004234]]

 [[-0.26116278 -0.31161003]
  [ 2.07856868  2.19180295]
  [-2.56732867  0.04673635]
  [ 0.46077175 -1.49930901]
  [ 2.33462569  0.03496117]
  [ 0.08256045  0.83592351]
  [-0.17602749 -0.20824257]
  [-0.34152735 -0.15103529]
  [ 0.61853271 -1.01203965]
  [ 1.0303882   0.40879627]]]
chi**2 = -0.8670824975517566
acc_train = 0.915
acc_test = 0.9065