-9.866889546205769024e-02
5.276781514069106560e-01
8.554119625860716614e-01
5.897833380735025000e-02
4.886192972421790071e-01
3.208343781105389980e-01
7.813272948199204704e-01
1.319313772017389974e+00
1.125626397996172701e+00
-1.512692561216981257e+00
1.126792548644715453e+00
1.658786054664291632e+00
1.640597753552859306e+00
9.349347875332816304e-01
1.575820516257764314e+00
1.418240148383581145e+00
2.653434453906138857e-01
4.949459076573418659e-01
-1.719453830849682507e+00
5.234162887280477960e-01
3.190380705971136988e-01
4.802535175858428373e-01
1.680549250951455520e-01
-3.744591659531004146e-01
2.955379264078552559e-01
1.108795983819175657e+00
2.032049812705609693e-01
8.525615058483478892e-01
1.876201821350481636e+00
4.582015323568644494e-01
