1.369563538832506477e+00
1.843493735580567172e+00
1.087381565400042716e+00
-2.549772022477739153e+00
6.127828371114822925e-01
3.238501282392473701e+00
1.059445745106175174e+00
1.081958941733970780e+00
1.677269738436491631e+00
3.089299551656043974e+00
-1.158017641173147316e+00
1.085128105803673693e+00
1.950735558997722663e+00
2.170983565508839419e+00
6.712255686293745471e-01
1.910579461323348882e+00
5.838594409863474555e-01
-1.139812737721359603e+00
1.380215283040815422e+00
-1.792595131619179272e+00
