9.357099606222859522e-01
9.290138123614152255e-01
8.554273876716086411e-01
1.363730174172054221e-01
5.063251689491037322e-01
7.221850049636774349e-01
1.429510280360751340e+00
9.687507005922980641e-01
1.143351020602962231e+00
3.966072512968007446e-01
4.587827502521227285e-01
1.308239928365541482e+00
9.641213603331217907e-01
-2.268615578339192584e-01
9.078269334473723084e-01
1.420999695473956326e+00
3.938298574514205452e-02
-6.943739929294132085e-02
2.714587658265918968e-01
8.777231692099238813e-01
9.306632747775694936e-02
-3.763908404143525011e-01
1.098854750483571729e+00
-2.017345249121123979e-02
-4.191106513830903935e-01
1.310149507326226814e+00
1.133995334163881097e+00
1.350490586597643317e+00
5.690474060019810043e-01
6.595351567223385336e-01
9.083870988500000188e-01
4.705012699784030805e-01
4.387968310002012817e-01
1.147361846707012356e+00
-1.694736082935694721e-01
6.117415579749118093e-01
9.790314967204920560e-01
5.551358827595288536e-01
4.046881033870353139e-01
1.062518515870486402e+00
-7.120455938818229802e-01
8.759110289765675850e-02
5.340670961968473351e-01
-4.564167500801155075e-01
1.441388670007558437e-01
-2.275052457572395437e-01
8.512712288783108594e-01
-5.327074974731029755e-01
5.554951801532522770e-01
5.632011139031587454e-01
1.181661928489895264e+00
8.746345695366004591e-01
1.463839664981695342e-02
9.382013680096452646e-01
8.912382978045677584e-01
-3.161913605038330632e-01
-4.560720461020790761e-01
9.982791902845397081e-01
5.011688160790027657e-01
6.675633459932661662e-02
