-5.003006450753731960e-01
2.042037359987377787e+00
4.994156795457437847e-01
3.291659427529115778e+00
-4.189222280736836779e-01
2.481945855207599916e+00
5.709963896619866253e-01
2.065198041362332315e+00
-4.413672672231876148e-02
4.901092736064991406e-01
-2.546199700050246206e-01
9.118040586868150221e-01
6.898379245498231782e-01
1.743075091207233918e+00
-1.046423926596298681e+00
2.717262047145147630e+00
6.760292149101112535e-01
1.972447754863724922e+00
-2.852442905790615324e-01
2.900272350895795603e-01
1.560019231712462817e+00
3.081989288367250820e-02
1.412697259412207140e+00
-1.446302302886571245e-01
9.928049391420421532e-01
-1.130980151782811499e-01
1.466160861836271811e+00
-1.428977277298148219e-01
1.608671619750585924e+00
4.215543659567252965e-02
2.111847140460012540e+00
-6.925307974880945405e-02
1.242531122132644272e+00
1.884528156872442017e-01
2.675222008138826713e-01
-3.582531586361826781e-01
2.297956770423648987e+00
-1.118109279342181239e-01
3.814520593691461681e+00
4.087941164058587762e-01
