
Figur of merit = fidelity_chi
Problem = squares
Number of qubits = 2
Entanglement = n
Number of layers = 10
Minimization method = L-BFGS-B
Random seed = 30

BEST RESULT


THETA = 
[[[ 0.93570996  0.92901381  0.85542739]
  [ 0.13637302  0.50632517  0.722185  ]
  [ 1.42951028  0.9687507   1.14335102]
  [ 0.39660725  0.45878275  1.30823993]
  [ 0.96412136 -0.22686156  0.90782693]
  [ 1.4209997   0.03938299 -0.0694374 ]
  [ 0.27145877  0.87772317  0.09306633]
  [-0.37639084  1.09885475 -0.02017345]
  [-0.41911065  1.31014951  1.13399533]
  [ 1.35049059  0.56904741  0.65953516]]

 [[ 0.9083871   0.47050127  0.43879683]
  [ 1.14736185 -0.16947361  0.61174156]
  [ 0.9790315   0.55513588  0.4046881 ]
  [ 1.06251852 -0.71204559  0.0875911 ]
  [ 0.5340671  -0.45641675  0.14413887]
  [-0.22750525  0.85127123 -0.5327075 ]
  [ 0.55549518  0.56320111  1.18166193]
  [ 0.87463457  0.0146384   0.93820137]
  [ 0.8912383  -0.31619136 -0.45607205]
  [ 0.99827919  0.50116882  0.06675633]]]
ALPHA = 
[[[-0.50030065  2.04203736]
  [ 0.49941568  3.29165943]
  [-0.41892223  2.48194586]
  [ 0.57099639  2.06519804]
  [-0.04413673  0.49010927]
  [-0.25461997  0.91180406]
  [ 0.68983792  1.74307509]
  [-1.04642393  2.71726205]
  [ 0.67602921  1.97244775]
  [-0.28524429  0.29002724]]

 [[ 1.56001923  0.03081989]
  [ 1.41269726 -0.14463023]
  [ 0.99280494 -0.11309802]
  [ 1.46616086 -0.14289773]
  [ 1.60867162  0.04215544]
  [ 2.11184714 -0.06925308]
  [ 1.24253112  0.18845282]
  [ 0.2675222  -0.35825316]
  [ 2.29795677 -0.11181093]
  [ 3.81452059  0.40879412]]]
chi**2 = -0.9633021334233932
acc_train = 0.99
acc_test = 0.96975