7.771514197094164800e-01
1.115498578289949361e+00
8.554113213103776703e-01
1.892734782440262109e-01
9.009346834749756838e-02
9.086576698183181922e-01
1.697997147978693500e+00
-6.462451324734833635e-01
7.270969071126062166e-01
-6.133715849798253988e-02
8.148378836240179890e-01
-3.067775040863429115e-01
-1.990416998491874923e+00
3.375246226594920129e-01
1.263864254228865613e+00
2.120588955242906359e-01
5.944501722809665267e-01
4.949468591882907331e-01
1.041565046694817864e+00
4.370224394851607852e-01
6.481456602197886996e-01
2.338357071155493738e+00
4.752930674226230612e-01
-4.608548924604949359e-01
9.481123174047544344e-01
-1.346488373212525458e+00
5.104418886108106346e-01
3.388822081109886808e-01
5.690562073903127072e-01
-1.997081298916855818e+00
