-1.721164322116639944e+00
8.595858389795275611e-01
1.377837129200078836e+00
-1.175258191086881121e+00
-6.863209096734795844e-02
7.792215159127950930e-01
9.748328728697206458e-01
1.995939603386518435e+00
7.565674513711436733e-01
8.800546787708518615e-01
-3.568776891278941932e-01
5.533392455393444376e-01
1.040104640072182729e+00
-1.403238814247747213e+00
3.821226153591238406e-01
-4.297513728384427800e+00
9.629919958057926443e-01
1.503366416277972240e-01
3.884374034394368902e-01
1.242788172487837711e-01
