1.604497101362267308e+00
5.910353086563584490e-01
8.553944833556987870e-01
1.608168668087295750e+00
4.474337556634133128e-01
3.841364575150323368e-01
1.260351596822179010e+00
1.001525517925247355e+00
1.083923765192420730e+00
-1.205291476541020908e-04
2.201598118805159210e-01
1.341730370449177867e+00
6.577935651279848139e-01
3.390768203840232586e-01
6.685862270415825481e-01
-1.403928924909205289e+00
-6.687234027665778756e-03
4.959972926936295767e-01
1.529337034719319588e+00
7.572211413490153031e-01
4.771323265917824796e-02
1.262319018238468923e-03
1.999419561515103805e+00
-1.422573299369015443e-01
6.853583083221705119e-02
-5.255949376265560691e-01
2.034466030897632560e+00
-1.142879926507703141e-02
5.687109152313051252e-01
-1.174768844847977833e+00
