4.452674836001815906e-01
-2.942079929474772926e-01
9.298087840476292054e-02
1.536386127823334391e+00
-2.039367768301738465e-02
1.183398224387519904e-01
8.058176355554662607e-01
5.448313035057295028e-01
1.820906902013884887e-01
1.901448799046310534e-01
5.715138313323251396e-01
6.319532120253464891e-01
-2.458350678981640891e-01
3.307658461926809013e-01
9.932453804665465347e-01
1.270533359763521775e+00
1.188859371119080771e-01
7.441564163044447344e-01
1.915981629079165138e+00
4.083436368802043637e-01
-3.050854923588811052e-01
-3.717474550264442401e-01
7.496751980244517055e-01
4.596574664723581116e-01
1.265178317583183887e+00
4.712084273598396988e-01
1.288868971459623092e+00
-6.608506030889850225e-01
4.999999011961235307e-01
6.473284560786264352e-01
1.545533822013607228e+00
1.548817105409517003e+00
7.681479730549281570e-02
1.227838165504222978e+00
2.725530509273912938e-02
1.497051398722474946e+00
-6.442772508180495405e-01
1.228373000190806863e+00
5.420611622507229832e-01
-8.030357552863703896e-02
-9.975405954038214784e-02
1.313812562726793365e+00
1.347270937838276117e+00
6.611011025678634745e-01
3.436871479199237744e-01
1.351009447039586142e+00
1.678493139041973836e-01
6.523959970778193673e-01
4.534519724437193755e-01
4.000025236548135354e-01
1.169778178678622660e-01
1.361961077597974856e-01
1.493779116033216781e+00
-3.657394123468865610e-01
8.731025338518190182e-01
1.554228810713158548e+00
1.323813615957708079e+00
1.508817186017044065e+00
6.497176995888825912e-01
1.372473370287726979e+00
