
Figur of merit = weighted_fidelity_chi
Problem = sphere
Number of qubits = 4
Entanglement = y
Number of layers = 5
Minimization method = L-BFGS-B
Random seed = 30

BEST RESULT


THETA = 
[[[ 0.44526748 -0.29420799  0.09298088]
  [ 1.53638613 -0.02039368  0.11833982]
  [ 0.80581764  0.5448313   0.18209069]
  [ 0.19014488  0.57151383  0.63195321]
  [-0.24583507  0.33076585  0.99324538]]

 [[ 1.27053336  0.11888594  0.74415642]
  [ 1.91598163  0.40834364 -0.30508549]
  [-0.37174746  0.7496752   0.45965747]
  [ 1.26517832  0.47120843  1.28886897]
  [-0.6608506   0.4999999   0.64732846]]

 [[ 1.54553382  1.54881711  0.0768148 ]
  [ 1.22783817  0.02725531  1.4970514 ]
  [-0.64427725  1.228373    0.54206116]
  [-0.08030358 -0.09975406  1.31381256]
  [ 1.34727094  0.6611011   0.34368715]]

 [[ 1.35100945  0.16784931  0.652396  ]
  [ 0.45345197  0.40000252  0.11697782]
  [ 0.13619611  1.49377912 -0.36573941]
  [ 0.87310253  1.55422881  1.32381362]
  [ 1.50881719  0.6497177   1.37247337]]]
ALPHA = 
[[[ 0.04795079 -0.87262319  0.42705647]
  [ 0.28631773  0.74064081  1.26175243]
  [-0.34912759  0.58533327  1.58991472]
  [ 0.24993922  0.72794693  0.15642996]
  [ 0.49412213  0.25663885  0.3960381 ]]

 [[ 0.59230827 -1.15163784  0.30102975]
  [ 0.24936092  1.06255796  1.5555128 ]
  [ 1.05894039  1.00245005  0.31912235]
  [ 0.28278622  1.49000001 -0.58905326]
  [ 0.69168537  0.60510593  0.34012072]]

 [[-0.0386837  -0.41340533  0.06716351]
  [-0.13613754  0.51556545  2.39108995]
  [ 2.09050469 -0.11613375  1.05169892]
  [ 0.79483058  0.56843538  0.88998896]
  [-0.27959437  0.48847151  0.02305994]]

 [[ 0.16577857  0.01665755  0.90112436]
  [ 1.05708115  0.03361986  0.86810819]
  [ 0.8842752  -0.93254105 -0.4881169 ]
  [ 0.02571806 -1.22570893 -0.24104096]
  [ 0.70163475  0.19058752  0.73873986]]]
WEIGHTS = 
[[ 0.82621546  1.14187801 -2.397774    2.15784181]
 [ 0.10902667  0.99840966 -2.80922646  2.06961828]]
chi**2 = 0.04503277138380616
acc_train = 0.99
acc_test = 0.937