4.795078682646464890e-02
-8.726231888385714841e-01
4.270564665330259246e-01
2.863177275500820573e-01
7.406408063434127831e-01
1.261752432887170539e+00
-3.491275907736747786e-01
5.853332668951984896e-01
1.589914724382351707e+00
2.499392224688478659e-01
7.279469324852577694e-01
1.564299614634858948e-01
4.941221345722668357e-01
2.566388470033159619e-01
3.960380954752681926e-01
5.923082712815179729e-01
-1.151637839267747987e+00
3.010297517700721848e-01
2.493609199189871783e-01
1.062557962805081857e+00
1.555512803457205218e+00
1.058940394568972376e+00
1.002450051485802573e+00
3.191223493010914014e-01
2.827862160912629208e-01
1.490000011184468010e+00
-5.890532625975610781e-01
6.916853724603889697e-01
6.051059283083622953e-01
3.401207164912328218e-01
-3.868369811668892488e-02
-4.134053251966032239e-01
6.716351089334361701e-02
-1.361375353728869475e-01
5.155654545749717155e-01
2.391089948485574546e+00
2.090504692534632891e+00
-1.161337493629331225e-01
1.051698923775900907e+00
7.948305786874046985e-01
5.684353812846404397e-01
8.899889641199522083e-01
-2.795943656802801214e-01
4.884715050077170218e-01
2.305993740929269953e-02
1.657785731271008145e-01
1.665755404656678665e-02
9.011243642901596296e-01
1.057081154614841312e+00
3.361986053341773500e-02
8.681081858987649280e-01
8.842752001250840932e-01
-9.325410534387229555e-01
-4.881169019990097002e-01
2.571806281978151684e-02
-1.225708931806679169e+00
-2.410409604476992373e-01
7.016347535331376450e-01
1.905875169552820603e-01
7.387398563410809693e-01
