-1.298394555616882107e+00
-1.338811885180871131e-01
8.554240221300585256e-01
5.986369296566643738e-01
-1.084557536621880924e+00
-3.407303267933285418e-01
1.280486511084595547e+00
4.958662203676297842e-01
-4.475515013793568420e-01
1.594489315906659543e+00
9.753259342206275218e-01
8.353304636109363246e-01
2.597666004348667901e+00
3.780285845181679538e-01
1.424362944536942566e+00
-5.411666374042526373e-01
7.190006889087516839e-01
5.354628979806511646e-01
1.517476285138969816e+00
1.692586582267138873e+00
7.726994348006279711e-01
1.553634250176427090e+00
4.773914684100452055e-01
7.947042809609790037e-01
