-1.605946906380909311e+00
8.991282448014651374e-01
8.554280520024905021e-01
1.289473221963494787e+00
-2.664502413822573135e-01
6.922704244170264642e-01
1.296579458895938064e+00
-1.599458326686220289e-01
3.705452154134404319e-01
1.179410289394247524e+00
5.851233352564773060e-01
1.795636484659854648e-01
5.599545340881795230e-01
5.409341129801183978e-01
1.034145203668453750e+00
1.297462878962763133e+00
2.753376318909078746e-01
6.983947363068224723e-01
5.865789268555842151e-01
3.450125561535619112e-01
3.291162331966593357e-01
-5.462224504979369677e-02
6.200278488238619712e-01
-5.526872747623590154e-01
7.947434001301481032e-01
1.672927204407419932e+00
6.552683047820876405e-01
6.041593052569164124e-01
6.641791137585950633e-01
1.022389277583950040e+00
9.728116438037659464e-02
9.395258406919696492e-01
5.338869549887984567e-01
1.066024767546800200e+00
2.819520658211339265e-02
1.080728002229845330e+00
