
Figur of merit = weighted_fidelity_chi
Problem = crown
Number of qubits = 4
Entanglement = y
Number of layers = 5
Minimization method = L-BFGS-B
Random seed = 30

BEST RESULT


THETA = 
[[[ 1.52473726  0.3142692   0.85541311]
  [-0.83897725  0.84043534  0.10742826]
  [ 1.24387968  0.22513083  1.47744079]
  [ 0.03753934  0.72402972  0.56459835]
  [ 1.51212878  0.33752293  1.17305731]]

 [[ 0.70949392 -0.13713875  0.49494779]
  [-0.1917398   1.9649822  -0.08344201]
  [ 0.19182424  0.46479936  1.06710799]
  [ 1.33350608  1.21103605  0.49994869]
  [ 0.02567168  0.56905766  0.56044263]]

 [[-0.30032085  0.60136131  0.43880537]
  [-0.17484053 -0.03076688  0.74258909]
  [-0.39554627  0.83858561  0.54338413]
  [ 2.12399913  0.03454541  0.37103948]
  [ 1.0376699   0.31585062  0.89073958]]

 [[ 0.9880898   1.24176782  0.23954478]
  [ 1.79394976  0.01784954  1.57214602]
  [-1.20741357  0.60506952  0.39285546]
  [ 1.6321198  -0.15859473  0.13438435]
  [-0.66382249  0.50117605  0.22436336]]]
ALPHA = 
[[[-0.79869667  0.84752374]
  [ 0.28075251  0.37033812]
  [-1.6460847   0.76058115]
  [ 1.86434997 -0.00650358]
  [-1.18836507  0.65115008]]

 [[ 2.09634479  1.55439297]
  [ 2.06982518  1.01674396]
  [-0.22037751  0.47032352]
  [ 0.38136037 -0.02235082]
  [ 0.40045864  0.29002517]]

 [[ 0.49849122 -0.34026582]
  [-0.98664443  0.98052319]
  [-0.44002601  1.13378419]
  [ 0.32675218 -0.45405876]
  [ 0.17318581  0.56019348]]

 [[ 2.0859809   1.44358238]
  [-0.07104994  1.43390201]
  [ 0.47957053  2.57312622]
  [-0.39782224 -1.32963463]
  [ 0.69366424  0.40878601]]]
WEIGHTS = 
[[-3.64776314  0.16331105  3.1393397   2.59586932]
 [-3.69001609 -0.651005    1.92339275  2.38355904]]
chi**2 = 0.039560435445457134
acc_train = 0.98
acc_test = 0.948