-7.986966738167475821e-01
8.475237400110692265e-01
2.807525083930756948e-01
3.703381166340681818e-01
-1.646084704676441968e+00
7.605811549596573906e-01
1.864349969706946775e+00
-6.503576509837563288e-03
-1.188365074822776091e+00
6.511500835340962023e-01
2.096344786875435684e+00
1.554392966488773009e+00
2.069825183732986851e+00
1.016743963971418641e+00
-2.203775110586964070e-01
4.703235220626553192e-01
3.813603709927361751e-01
-2.235081502979502019e-02
4.004586392022054242e-01
2.900251656542575662e-01
4.984912230209345707e-01
-3.402658226601806279e-01
-9.866444347931665471e-01
9.805231852836884254e-01
-4.400260109664300701e-01
1.133784189112089669e+00
3.267521839593766630e-01
-4.540587556312610240e-01
1.731858115975410950e-01
5.601934797784331455e-01
2.085980898624649083e+00
1.443582380727160386e+00
-7.104994284975192642e-02
1.433902013993962443e+00
4.795705340174296616e-01
2.573126216301091951e+00
-3.978222376459448206e-01
-1.329634634467407261e+00
6.936642377703301499e-01
4.087860099252147439e-01
