1.239287768781248245e+00
-1.713327316379266441e-01
9.298153685051878392e-02
1.389605831206691677e+00
-2.781373934904411982e-01
2.412174474397234536e-01
1.224432646093611243e+00
1.427051071963313822e+00
-7.565398287602861926e-02
8.454571682183698034e-02
7.207518640598769011e-01
1.514174453286859068e+00
-6.412247832405273962e-02
9.095075306721389641e-01
1.142482910454523770e+00
2.507159820846266984e-01
8.408541751637579331e-01
1.322895901211093905e+00
8.240719242123569765e-01
4.794060300725802581e-01
4.168836689857173816e-01
6.133472938894772852e-01
3.849373493861420470e-01
5.307199339560279006e-01
9.440488484120650448e-01
5.434256540598061402e-01
9.241325302448603063e-01
1.562349585320347956e+00
5.000023562116087117e-01
7.195468580758767052e-01
8.522902370250245996e-01
1.412156116379342352e+00
7.681735584891216662e-02
2.173193661908045637e+00
6.439083068440522029e-01
1.360391647172982665e+00
1.796033579332239338e-01
1.199763015619468964e+00
1.158714140359573541e+00
-4.393945559638609000e-01
6.539083855737788387e-01
1.285204005378825176e+00
1.083830872558076086e+00
-8.641614525977879546e-02
1.097349386139794269e+00
8.367003319131848249e-01
7.839631831784970029e-01
-9.511847261443213963e-02
4.079931847276393464e-01
8.118748592341072934e-01
7.330946324400910985e-01
1.219889854743511526e+00
8.078270352666943044e-01
4.613262819371702350e-02
1.606038027476508701e+00
2.154033594298068455e-01
6.378617876129465403e-01
-2.789247368164944896e-01
6.497177255436813459e-01
3.364688032272064588e-02
