-1.533672464985453565e-01
2.889039022047895089e-01
4.270584124616469968e-01
6.309312841979650699e-01
1.403697971275073231e+00
-3.308415863986858829e-01
4.178927954262788291e-01
-1.209940849062244722e-01
3.038499527078150630e-01
7.768675007568636159e-01
1.503269018419816527e+00
-2.201734547346465010e-01
6.543948540166917294e-01
-6.243762197634233208e-02
1.932863624591440177e-01
9.635038181052998918e-02
-6.598810413515622531e-02
1.347911837040603467e-01
2.251308510005037566e-01
3.572063579772943864e-02
1.011730366552931054e-01
4.445814267310890799e-01
7.515585534704656290e-01
2.746103564109507733e-01
-2.047447440660906670e-01
1.596403931675413723e+00
1.241878983399234415e-01
4.243936301413463452e-01
6.051070480194323808e-01
1.001378515931245827e+00
-6.883918323486402924e-02
3.650207247213878237e+00
6.716534256494913202e-02
-1.221006100450487131e-01
3.038324019247544139e-01
5.227397591282750833e-01
-3.228680958323000283e-01
9.487072234064881648e-01
9.767148706210561082e-01
-8.658352034853515899e-01
9.124467346597110728e-02
1.518069658333798699e+00
1.206625713698770835e-01
2.299162751210687694e-01
-6.825549693495545078e-01
-8.184781632806579221e-01
-5.258030238546878010e-01
1.830965404257218765e+00
1.149133900636506223e+00
-1.550151317217744462e-01
4.502887812193548944e-01
1.335459470787215830e+00
5.264180508808213865e-01
8.586106902296838372e-01
-3.716949536732453430e-01
1.462194089505833572e-01
-2.422584559964549925e-02
2.259573936662728766e+00
1.905872393329010872e-01
-9.777399192270591621e-01
