1.463641438038633780e+00
3.987851013950961532e-01
7.805456195979345591e-01
2.834970473037065064e-01
-5.976895113692712869e-01
2.199670230483928179e+00
5.324840357429498905e-01
2.981268123983667195e-02
-3.897288008178262375e-01
3.349215669803743411e-01
1.173959994269783591e+00
1.139457432869412368e-01
9.403351341714670797e-01
2.049569705795927455e+00
1.036261626786512791e+00
-6.321372504116290481e-01
1.455527510884202069e+00
3.869771099356764110e-02
-1.014229947046055180e+00
2.900139162853816455e-01
2.035262450394988765e+00
5.772489633791014763e-01
1.572071612945736163e+00
-9.990742344476752912e-01
-1.583043772371200530e+00
-2.237010216725928702e-01
-2.265600369698196559e+00
-5.435674828695584715e-01
5.355591477165893011e-01
1.240357073727010206e+00
2.228201978081355339e+00
1.039301728119536250e+00
3.741857743128055969e+00
8.646440196325173577e-01
1.640994472013673100e+00
-3.492634015913892442e-01
-5.818339029756928321e-02
-1.471705792803243151e-01
5.764811617477463290e-01
4.087818539351232849e-01
