-4.858620916896351782e-01
-3.798484182624223271e-01
8.553983120740205059e-01
-4.514846274098723716e-02
4.869630913116079207e-01
-5.866856968685933982e-01
1.216767295823762307e+00
6.861496775181563645e-01
1.123973436114781954e+00
2.046643242803748708e-02
9.379265987469626031e-01
1.025619362290366210e+00
1.211930223421942232e+00
2.888556968854111284e-01
1.386941629051774649e+00
-4.707293055830663597e-01
-2.700185357747567627e-01
4.462654230547765111e-01
6.551250517524577210e-01
1.636188708872334141e+00
-2.163158628190554322e-01
4.179499646185689254e-01
4.141484351960155186e-01
7.383065140410173255e-01
1.402227075874750706e-01
6.193481548498702693e-01
4.493266157541034311e-01
8.176049554358926219e-01
5.690543695886910447e-01
-3.122510585062406030e-02
6.705311232575040803e-01
4.515835775361556892e-01
4.387912723055366060e-01
1.072917051542213729e+00
8.499056012780460689e-02
5.927867866680521791e-01
1.127524576672850887e-01
-1.512965100876593194e-01
6.591269678058845338e-01
8.067212463608151030e-01
2.960456212782826557e-01
-6.188259610404061029e-01
1.716380223015471884e+00
-1.439299000989586741e-01
1.152240379836872330e+00
2.183011620470577396e-01
5.307675219565125557e-01
-2.202413266334068143e-01
-4.236799682346665818e-01
4.863621678732273357e-01
8.611436723380132552e-01
-7.856680472001147386e-01
1.567094244411385118e+00
8.613751884769982325e-01
-4.094937811818846196e-01
-1.369810148095936819e+00
1.096402734650661071e+00
4.970640832976592760e-01
5.011572913404911400e-01
-9.868521347030138058e-01
