-1.115712470862380679e+00
3.828576438476945509e-01
-5.703697192672460003e-01
1.791080233640187647e-01
4.204419762854413878e-02
1.878255080056548065e+00
2.175267582836362568e+00
4.035570967634721090e-03
5.866204667337274747e-01
-6.917308068426566980e-02
-1.895216773790918241e+00
1.686313385741226023e+00
2.535806553194943191e+00
1.815058806894103149e+00
-1.341264828238761364e+00
-5.250306699773157337e-01
-8.918443019719510256e-02
4.480613387757142463e-01
3.509107544329181927e-01
2.900010235620609778e-01
1.351305284028980092e+00
1.040106505527338188e+00
2.606471993049614078e+00
4.873188059693919771e-01
1.454779157984081195e+00
6.880183481280928159e-01
2.072796339023152523e+00
1.649135738449152067e+00
1.818284271514984396e-01
-3.564868689271474822e-01
1.611260991715949942e+00
-1.073950035210866627e+00
1.950878216228022488e+00
-2.312445473645001193e-01
3.823949155200895289e-01
5.062518220437416394e-01
-1.723995740226266671e+00
2.014829539597825292e+00
2.131276388980768655e+00
4.087808447759426200e-01
