1.461633369043281228e+00
-4.501809961996168230e-01
2.201452768109800062e-01
8.555419451897663397e-01
1.494130190863277141e+00
1.720632287878777866e+00
5.853306996972840182e-01
-7.647788634673097219e-02
-1.128794342938430895e-01
9.356501617137503723e-01
-1.403682463813590520e+00
1.421416819598330550e+00
1.218304417425687181e+00
5.439097686062601689e-01
-6.015450634928181106e-01
2.656618636422051760e-01
7.338885888543331681e-01
-9.547230784859562780e-01
3.113005044076481709e-01
3.264194071987431833e-01
4.332061666742725858e-01
8.491672502173052139e-01
5.471816355036110968e-01
8.108262811016284655e-01
9.551815915553775183e-01
-7.750437165868065970e-01
1.261120147542623693e+00
-1.247699563701779812e+00
9.298078890528582718e-02
1.538154199920095166e+00
5.863150698412704642e-01
-8.660947949869310380e-03
1.348583904807635125e+00
5.603041961458014031e-01
2.940555773942354900e-01
5.528354218891948918e-02
7.375053712237351899e-02
6.222545018548074625e-01
3.427013416761982012e-01
1.264781830332047052e+00
