-2.918749948543365447e-01
4.122063829336461982e-01
8.554118043181221376e-01
6.645554724271925950e-01
1.853961355269045930e-01
2.053668229691525682e-01
8.568554859108927779e-01
-2.653587156727998386e-01
8.224007094027130371e-01
8.945472582358567903e-01
1.074411846905124257e+00
7.411060658067723794e-02
1.590256823435632350e-01
6.515930714804776258e-01
1.523440693210393881e+00
9.209404858085210033e-02
5.192981896176357415e-01
8.090173040295900453e-01
2.923916880469979440e-01
1.420096218621860196e+00
5.729945394106285006e-01
-6.563607621452448582e-01
-3.729073830169219589e-02
5.222201033574684903e-01
7.222595603654515806e-01
1.254149883068201854e+00
-2.143349365921909215e-03
1.892897444045895217e+00
1.555590292882340853e+00
6.035556706172896524e-01
8.718891398942635318e-01
5.714687713514937650e-01
4.388056296119319799e-01
8.670833881747220806e-01
-4.544400316689861663e-01
7.126981376777202781e-01
3.410091619748535918e-01
6.235665987597593940e-01
1.197123835307486450e-01
1.582778046854848242e+00
3.252985297942287413e-01
1.560251915666889255e-01
8.040057694434783464e-01
-1.921824091477041668e-02
1.181492024942942143e+00
-3.329663343258921770e-01
1.740900536465390391e-01
-9.552187940470724392e-02
1.832712030623822042e-01
1.866994608529091992e-01
5.044669394631876580e-01
2.672218233534976242e-02
5.605159813079018116e-01
5.617064742493103058e-01
1.085805257932788370e+00
-2.075958222560910782e-01
8.982495003739125738e-02
1.072617194901854587e+00
1.057695405469996519e+00
1.753625503081215620e-01
