1.605554427191440814e+00
5.425015383646936140e-01
1.350051072446125877e+00
6.276203835695987054e-01
1.206473188344380221e+00
1.577779279277116142e+00
-8.355574636006981581e-01
-1.841157083316484977e+00
1.837652635278069102e+00
1.746135514307164627e+00
-4.717954041787151831e-01
2.395682413439898517e-01
-1.192149398755913747e+00
7.325354830434578357e-01
2.323696826768464341e+00
2.236841573496531232e+00
1.800753242200523907e+00
3.606801402997143469e-01
-1.466674707258951216e+00
8.735337319494760333e-01
-1.214632483143691877e+00
1.565362823241844170e+00
-3.436175170781378685e-01
4.958227723902100537e-01
