6.520341742059702073e-01
-1.984229996725810130e+00
1.163475328096026606e+00
1.306755800134627110e+00
1.430601345523385692e+00
8.052641828264393009e-01
9.683162209468118009e-01
2.857305599973468113e-01
-1.693443365243381571e+00
1.512866942255743363e-01
1.623361883635807024e+00
3.150099718363750245e-01
8.715875186593786683e-01
2.021613381248990871e-01
5.756640851674871273e-01
7.630737590755007904e-01
1.254458553292409739e+00
1.917204541311259502e+00
1.546265496726646926e+00
-1.765920874176672317e+00
5.263905137903557296e-01
6.311478709407797316e-01
3.468740752069154887e-01
1.146263958360996149e+00
1.180068900515848229e+00
1.279311029085616447e+00
-1.586984308271931043e+00
3.240721842704525901e+00
1.401981070263145002e+00
1.874946229777725293e-01
-1.061243865883263471e-01
2.900236687851387440e-01
