1.633922448902095648e-01
-1.922473696713313807e-01
8.554039529635969474e-01
1.785219895019788672e-01
1.084511778624824424e-01
-3.990845947785532921e-01
4.016037649582282487e-01
6.082082640198060997e-01
7.454533081364261848e-01
-7.045394393878112727e-01
1.812815861019605901e+00
9.476775914433199777e-01
1.025689213339431971e+00
7.163652158158397842e-01
2.261837586705176317e+00
-6.523538571761873517e-02
1.466474830957421316e-01
8.737874368734770414e-01
2.115326941857635090e-01
5.304388436862796929e-01
2.003448618641043844e-01
5.279358663389324136e-01
5.879159729571354909e-01
-3.674355007311997934e-01
3.618987623807650711e-01
5.756429663588014112e-01
6.230612287357557566e-01
2.024933797473102981e+00
2.516409846769098735e+00
-7.495315139314165376e-02
