-5.189632936084553200e-02
3.414916403066927231e+00
-2.131684492118634915e-03
2.914666223053402394e+00
-5.091271278694311508e-01
2.070496576220254070e+00
4.253720789170848393e-01
2.423902918475827395e+00
-2.307266157282866548e+00
-6.529924187860701723e-01
-4.873253083990183754e+00
-3.225021851694390929e+00
4.104267625113758866e-01
2.970699065868492195e+00
4.999311984391013652e+00
2.964255837340352695e+00
-1.171396344884755580e-01
-8.866221100549070977e-01
-1.082289712053656539e+00
-1.586242322873786970e+00
