3.632593350406200239e-01
3.861872728936003307e-01
8.884591160419779143e-01
1.938097371107092570e+00
-7.891258108630047063e-01
-1.994894406387288655e-01
-7.528946189461267480e-01
2.007962706940680242e-01
1.904545264621664957e+00
-1.813941751248975942e+00
1.818972077048572000e+00
2.395468407054148763e-01
3.701220194347099035e-01
5.481436855369233030e-02
4.610952532869545095e+00
1.617859728305333533e+00
1.465280628754481063e+00
-5.584587750771996539e-01
-9.039379445706460237e-01
-1.398926789366791379e+00
1.012943417913395372e+00
1.403557403109256141e+00
5.751956943313696335e-01
4.958145745310146291e-01
