2.115629652773477254e+00
1.113979030332661990e+00
8.554109890582463072e-01
-8.266843199090623262e-01
-9.064660715872889796e-01
9.071306308099141846e-01
1.884113971310478419e+00
-5.789777096118614574e-01
-2.694601146017095439e-01
9.076266585416176147e-01
3.477534415448198246e-02
-2.395089849654999936e-01
4.043520889264603513e-01
-1.884837224423888957e-01
4.837984538540671675e-01
-2.182073105782323108e-01
-1.475456654083001362e-01
-3.106255137732853722e-02
1.489840737920484326e+00
1.738856931542702267e+00
-9.384343057946414879e-02
5.894866360120308846e-01
9.919614292620299034e-01
8.409832693846492901e-01
5.101049135105094612e-01
6.266263035346519850e-01
1.027114517150821360e+00
-1.949032432783584512e-02
7.509159883395257751e-01
-2.396774524672709919e-02
