3.388166139234449203e-01
9.315648610087302606e-01
8.554107983270174964e-01
-3.298140574640465172e-01
3.540278119880926333e-01
7.247231631110893080e-01
9.216211820892100670e-01
1.803241595235892114e-01
9.910322894449604680e-01
-8.066027050291786349e-01
7.305944099369345857e-01
5.197947773977011909e-01
8.675399675015499357e-01
8.848867361965216949e-01
1.179627140801805529e+00
-7.335690890371642237e-01
-2.481981357555171352e-01
1.042309431621460503e+00
1.216080767931056128e+00
1.491116356380123964e+00
3.289373208770569601e-01
-2.623922722469145263e-01
-3.460023813814035870e-02
5.932406287511239329e-01
1.440607581317141950e+00
1.181650600619163605e+00
5.480464371984655313e-04
7.520524033378501727e-01
5.400903695652510272e-01
5.310576640481857735e-01
1.158594616513651809e+00
5.470309138581216368e-01
4.098375437702130863e-01
1.446161135106554196e+00
1.276972888930095196e-01
6.882617594881889067e-01
