1.541836195291952927e-01
1.200898452452338505e+00
2.024700304765149339e-01
7.398752768649600187e-01
1.424505923217264547e+00
-8.659656394766559462e-01
-1.086488807786267219e-01
1.370152363217195912e+00
-4.064022592188776817e-01
-3.408332328354296559e-01
6.497171024755706847e-01
-3.813602011858434615e-01
2.383205876965112657e-01
-4.556931536829517820e-02
4.270566885805570090e-01
6.916432584710664466e-01
3.916259074741431645e-01
5.167417038876498392e-01
4.633563850788299798e-01
-5.873497743284800121e-01
1.681314082972648727e+00
1.414218779636803092e+00
9.697126691031616730e-01
7.392320951406231577e-01
8.999275595108823245e-01
9.112847081975219421e-01
1.139893652847206729e-01
8.475564243396730424e-01
6.246061310180678339e-01
2.440432678610745046e-02
-4.858351398887165995e-02
5.530049547527409182e-01
1.167744181714492679e+00
1.608771150506877190e-01
5.454376147062506286e-01
8.211919371054290373e-01
1.389759022402896615e+00
1.118584205310381607e+00
2.306048864250801744e-01
1.499401238363306799e-01
1.113328897395652328e+00
1.072677077889481856e+00
-5.814499040402788532e-01
1.738345755558217132e-01
-8.329805761256536822e-02
6.256171171305047185e-01
6.029412214632675626e-01
4.055440203461986859e-01
