1.358328129981390742e+00
-1.680744583442028928e+00
1.179095777146509150e+00
-3.772072356034031237e+00
1.811073516359547275e+00
3.475555685458197264e+00
3.867997463938680269e+00
-8.072407769118026266e-01
-3.656698776239458160e-01
8.800942636907919114e-01
-9.997027033095075010e-01
1.561634902746850129e+00
3.673298038761245721e+00
1.131746060016315170e+00
3.870622139565711883e+00
1.625499078332744540e+00
-9.946228523039270242e-02
3.042297552830249607e+00
-6.625283062699670600e-01
1.243285658592993559e-01
