-1.293969009455817831e+00
1.221523077026455351e+00
8.555408141869441652e-01
2.317730455438184567e+00
1.814163787537147021e+00
1.014687678443712437e+00
1.394343190488799289e+00
2.433892823333025091e-01
2.451457042820182508e+00
-1.115007949706097623e+00
6.317420942717867638e-02
5.827059081503879190e-01
8.496867132002184908e-01
3.375297617975018816e-01
5.123230526813523644e-01
1.159319869800527369e+00
1.378810618790332621e+00
4.950357097505754811e-01
1.068092405348955776e+00
1.174257306882013463e+00
1.432575489996527507e+00
-6.163607839507161401e-01
9.473653903258871800e-01
2.764558980832971802e-01
1.819387561202989723e+00
2.384979155541749662e+00
9.824251308689909701e-01
6.637930629229703561e-01
5.690517609055747439e-01
1.734388271398920933e+00
