2.567395709283687433e-02
1.231244206865294233e+00
8.134857440361950021e-01
8.500241406328331584e-01
1.239142803726542397e+00
-1.746980246665091885e+00
2.443458114346566568e+00
5.242724290966650075e-02
1.948530904129107677e-01
1.944472814176829267e+00
8.546594027993026366e-01
1.800158796949049289e-01
3.573359719685803015e-01
-3.607557735013519618e-01
2.256560912750424364e-01
-2.332970965607179259e-01
7.020216572095983043e-01
8.992852144447925911e-01
4.535737682641992619e-01
5.172928967675948231e-01
1.290053194100782896e+00
3.341998736971444894e-01
3.602025254525666881e-02
4.008612849534461120e-02
-3.469587623678212218e-02
3.957434320651286863e-01
1.261937756038531200e+00
-2.053010085201099622e-01
-6.301137661657775224e-01
2.518053343071611772e-01
-1.726004776110005856e-01
-1.796629634324942992e-01
2.085338962629053883e-01
-1.467292315166420502e-01
3.891411692826906021e-01
9.609614165607437419e-01
7.604499791733830838e-01
1.779960280133358885e-01
1.337787848475840757e+00
5.262013249248127522e-01
9.132515805038501355e-01
-9.671119860856380868e-02
2.360828965167658874e-02
-6.958194302749475257e-01
3.028326128669382444e-01
-5.479314920851658943e-01
2.588622239293986715e-01
9.086658356011712012e-01
