
Figur of merit = weighted_fidelity_chi
Problem = non convex
Number of qubits = 4
Entanglement = n
Number of layers = 6
Minimization method = L-BFGS-B
Random seed = 30

BEST RESULT


THETA = 
[[[-0.78634824  0.21726432  0.85541212]
  [ 0.89346549 -0.91885285  0.01042301]
  [ 1.56227055  0.08073572 -0.28184632]
  [ 1.70135884  0.02861433  0.42020747]
  [ 1.47702835  0.63028239  0.47764316]
  [-0.39427508  0.27524257  0.78770628]]

 [[ 0.15023123  1.13741799  0.32893879]
  [ 0.34953737  0.53010496  0.23954198]
  [ 1.00438131  1.20086449  0.56525474]
  [ 0.63771326  0.99231489  0.55027232]
  [ 0.00821967  0.87699334  0.86206065]
  [ 0.48116486  0.02819123  1.01822322]]

 [[ 0.39480043  0.24203995  0.6023446 ]
  [ 1.27677534  0.27543534 -0.22550067]
  [-0.52619159  0.57132324  1.13162898]
  [-0.39061441  0.58146843  0.49501917]
  [ 0.26962045 -0.18716617  0.91184673]
  [ 0.95256501  0.67205337  0.18784144]]

 [[ 0.7822685  -1.34979022  0.20136301]
  [ 0.50996394 -0.46347846 -0.9668304 ]
  [-1.04207164  0.80539941 -0.58174575]
  [-0.13807419  0.28341818  1.24398433]
  [ 0.26441211  0.05543605  0.16495412]
  [ 0.61518864  0.02084901  0.48742799]]]
ALPHA = 
[[[ 0.02567396  1.23124421]
  [ 0.81348574  0.85002414]
  [ 1.2391428  -1.74698025]
  [ 2.44345811  0.05242724]
  [ 0.19485309  1.94447281]
  [ 0.8546594   0.18001588]]

 [[ 0.35733597 -0.36075577]
  [ 0.22565609 -0.2332971 ]
  [ 0.70202166  0.89928521]
  [ 0.45357377  0.5172929 ]
  [ 1.29005319  0.33419987]
  [ 0.03602025  0.04008613]]

 [[-0.03469588  0.39574343]
  [ 1.26193776 -0.20530101]
  [-0.63011377  0.25180533]
  [-0.17260048 -0.17966296]
  [ 0.2085339  -0.14672923]
  [ 0.38914117  0.96096142]]

 [[ 0.76044998  0.17799603]
  [ 1.33778785  0.52620132]
  [ 0.91325158 -0.0967112 ]
  [ 0.02360829 -0.69581943]
  [ 0.30283261 -0.54793149]
  [ 0.25886222  0.90866584]]]
WEIGHTS = 
[[ 1.57245996 -0.6862195   0.33196356 -0.327889  ]
 [ 1.58083571 -0.82594014  0.41906827 -0.15406184]]
chi**2 = 0.04033160103136326
acc_train = 0.975
acc_test = 0.9485