3.816416162216214603e-01
2.146483996752977796e-01
8.554129653777037268e-01
-8.376188708759754187e-01
4.416226514118499757e-01
7.808559255234781733e-03
1.938391866382065398e+00
-2.346350948672077108e-01
1.078632836065803291e+00
7.841021888138166585e-01
6.895071784627470057e-01
1.048312440608544366e-01
1.187251966763156252e+00
8.719272837968982115e-01
9.746123684811421883e-01
-7.152726792004399092e-01
-1.673922782184764924e-01
1.029348823065844520e+00
8.495772663665004387e-01
1.634903111705444445e+00
-1.136927604946952886e-01
2.044067089363208467e+00
1.767661630526224714e+00
7.370190943032942643e-01
