1.016569134934561802e+00
5.161626997541270967e+00
9.188770833368112845e-01
-6.996736310395544611e-02
6.159941519305409674e-01
-9.879471689868542239e-02
3.885493616254978577e-01
6.014149343073196263e-01
7.339154923362829486e-01
-1.758252056117158624e+00
1.068181237248434223e-01
2.591445457326821411e-01
-1.739322846185706872e-01
-3.762388783087846078e-01
6.216171582068574786e-01
-8.110686206069850357e-02
3.337163754769659985e+00
3.614173695930588681e-01
2.578208027231728150e-01
1.643199644117971037e+00
-2.346226514972886257e+00
-5.124394022546896466e-01
2.533461113043530832e-01
-1.665363716407494143e+00
