-1.355644908445282626e+00
-1.411588437550801156e-01
9.297907827575085937e-02
1.066549737856826718e+00
9.130399752016832293e-02
2.713752627834373210e-01
2.898555792622934946e-01
1.364650447348976225e+00
2.937853703719862097e-01
-1.399816035337451803e+00
3.167692400349695903e-01
1.451785260289476964e+00
1.476698830857575473e+00
-2.036479014272051247e-01
7.385000108412272946e-01
1.417029486521242276e+00
2.742319454730820505e-01
2.097477424721204686e-01
1.196418724239965758e+00
1.535115361670028378e+00
-1.497256153163679382e-01
4.593908843870582737e-01
3.797033710388159622e-01
1.586432582932686408e+00
