-1.605431857307330290e+00
1.801649776673265979e+00
8.554069969593606215e-01
-2.662018695764489795e-01
-2.817827540670527764e-01
1.594813692019906748e+00
3.364370120574169398e+00
-2.064326205180138513e-02
3.552171711091002271e-01
1.671730835683407523e+00
5.255890866178919429e-01
3.188229743731323396e-01
-7.817086524527024904e-01
-2.947455201400962441e-02
9.746145358736065800e-01
1.305280124749260473e+00
-3.528733088290927356e-01
1.279583125418073952e-01
1.443673696406239548e+00
1.565579448538341856e+00
-2.991795948906239011e-01
-1.221939239678782180e-01
4.773819625999665139e-01
6.676963154140524992e-01
