9.601816712100084139e-01
9.320445435538320389e-01
-3.670203951546356369e-01
3.154730631185596601e-01
-4.636121093585498509e-01
1.344866796504995410e+00
7.261609506806373515e-01
1.141950377483236689e+00
-6.660025368603651741e-02
1.957873865986589967e+00
1.551697923803506018e+00
-1.158053364698809151e+00
1.299352205142727978e+00
1.686576078231915576e-01
1.177386502836786919e+00
1.915250427548570444e+00
5.383758033877943383e-01
6.007826493043166849e-01
-1.000652658840185394e+00
-1.389468674127219139e-01
-5.298891006386956537e-01
-1.411973808952025289e+00
1.744543843863539445e+00
-4.935966156080082157e-01
