1.599810556895176761e-01
8.213219760622841870e-01
1.717278274571252039e+00
1.537584478509330443e+00
1.291195685794828130e+00
6.671386648091148786e-01
-2.395804587146537212e+00
-9.073827325897041440e-01
1.226362700284298723e+00
-1.919339727462897605e-01
1.282491365115937976e+00
2.155187633239659561e+00
3.762204119169123423e-02
1.432321933542266001e-01
1.904067823161825324e+00
7.630759941339985142e-01
-2.692125145227569627e-01
5.962696138447292071e-01
6.213407971249564898e-01
4.134264561062457322e-01
3.811461369343486227e-01
1.004064071152125370e+00
-8.320688135326545498e-02
1.425093112671552031e+00
1.528160806390128190e+00
-9.323175569795317807e-01
4.264795613696708010e-01
-6.196939156904196500e-01
6.931511682024857901e-01
3.154497613433479009e-01
4.129472403864058450e-01
2.900250881606890041e-01
