1.359297350341345023e+00
2.336488066025174948e-01
8.553987925001353965e-01
1.845568192266856977e+00
3.772270688757203838e-01
2.681535541914619944e-02
1.582809646587588492e+00
-1.704413745694884352e-01
1.014250713044853924e+00
-4.345643998165398814e-01
-2.355470845498023325e-01
1.690529679894789972e-01
1.437135363120476961e-01
4.508162065957697917e-02
2.134899247363474251e-01
3.545376283465662137e-01
7.702872903707235208e-01
2.025101239352020410e-01
2.019132216768682042e+00
2.005145863145417540e+00
8.239617701653556558e-01
8.674496073228384896e-01
4.773834844893667939e-01
1.107302460261304411e+00
1.409919593600276411e+00
1.501600973838508990e+00
5.125285655727701561e-01
1.026245496544704983e+00
5.602599119001571149e-01
8.510118875882443090e-01
-5.630655038121002987e-01
2.421358878544547025e-02
4.300181664835240891e-01
-1.173818170039358399e+00
-9.275129658348855166e-01
1.654309705605200853e-01
1.864503188427238500e+00
1.147903706040556582e+00
-3.533750803372668337e-01
2.375810536082718194e+00
-6.543134806405470627e-02
6.803783876350283366e-01
1.637201409675094421e+00
1.634470262614475367e+00
7.907631051864340010e-01
1.934520943264943948e+00
5.084637755231459222e-01
1.558169829159362862e+00
