-8.356418621229301236e-01
7.572970762009899326e-02
8.554114662537850577e-01
1.645186782866424391e+00
1.110659967926661967e-01
-1.311144394760166698e-01
2.401107880680646289e+00
1.395392104723019555e+00
7.480557890411213551e-01
-1.897293753680486361e+00
5.255838237496653909e-01
1.734865536435276523e+00
7.786516991055184578e-01
-3.100854546037883769e-02
9.746041484622165463e-01
1.256560861776549798e+00
2.752396654337043724e-01
1.264234005285467255e-01
4.027189599329051295e-01
-1.513226881658033263e-01
3.289339460467703979e-01
-9.165649069298948959e-01
4.773821917541768434e-01
-1.049188737627484214e+00
