
Figur of merit = fidelity_chi
Problem = wavy lines
Number of qubits = 2
Entanglement = n
Number of layers = 10
Minimization method = L-BFGS-B
Random seed = 30

BEST RESULT


THETA = 
[[[ 1.13214758  0.19775367  0.85539524]
  [ 0.53271403  0.48238739 -0.00908544]
  [ 0.96294349  0.76204418  1.11939409]
  [-0.20555726  1.13990814  1.10150757]
  [ 1.06585892 -0.35475869  1.58891017]
  [ 1.85586736  0.8436986  -0.19731934]
  [-0.11770792  1.11773366  0.89739011]
  [ 0.99881053  0.79424555  0.21987756]
  [ 0.92752559  0.56080949  0.82939051]
  [ 0.58180901  0.56906569 -0.08979579]]

 [[ 1.15119409  0.55904278  0.43879974]
  [ 0.77954509  0.48142042  0.70028086]
  [ 1.22484463  0.25280203  1.05556332]
  [ 1.92784158  0.28624612 -0.21473613]
  [-0.83285153  0.79595931  1.14243991]
  [-0.02408418 -0.46027148  0.7196605 ]
  [ 1.25000614 -0.41171645 -0.12989416]
  [ 0.01041154  1.37596385 -0.03670811]
  [-0.86324559  0.21534217  0.90526972]
  [ 1.39858161  0.50118108  0.5982949 ]]]
ALPHA = 
[[[-1.31274642  1.09438269]
  [-1.17896372  1.39716197]
  [-0.17535117  1.65886233]
  [ 2.83412293  2.02713212]
  [ 2.40073438 -0.32568914]
  [-0.59738875  1.10210336]
  [-1.12273552  2.89419239]
  [-1.00718345  0.77870736]
  [ 0.33801929 -1.16436606]
  [ 1.30764708  0.29002597]]

 [[ 1.74696692  0.26704851]
  [ 1.77154559 -0.47417839]
  [ 1.35766504 -0.96450111]
  [ 0.42714215 -0.20185935]
  [ 2.52850277  0.34599533]
  [ 2.65378076 -0.31859703]
  [ 3.05470276  0.18784445]
  [ 2.69893031 -0.17229623]
  [ 0.98335613  1.09890815]
  [ 3.81874583  0.4087866 ]]]
chi**2 = -0.930953726470384
acc_train = 0.95
acc_test = 0.91125