8.075199308182570146e-01
4.831250185307378042e-01
8.554149186070034716e-01
-1.179952210521587191e-01
1.110736650299581074e-01
2.763124159699131832e-01
9.531985712411151779e-01
1.387392241594370468e+00
7.480846006339058052e-01
-1.074281898645348177e+00
5.255866663594288557e-01
1.726832457158168577e+00
1.257067364332701276e+00
-1.236279399025648207e+00
9.746182739282687191e-01
1.042934641742553114e-03
2.752338404702744379e-01
-1.078893930686790403e+00
-5.120927203940258549e-02
6.206077973849067897e-01
3.288944308177016440e-01
-1.393137273967391510e+00
4.773948882437744068e-01
-2.772471047882725803e-01
