-1.816660305101110096e+00
7.293081927920901375e-01
8.554249476169782929e-01
-2.406963708420411852e+00
-3.943054982399477049e-01
5.224821849284059239e-01
2.221531128557829859e+00
4.813243123640946197e-01
2.427328261450460156e-01
2.273193316242198558e-01
5.255877343567648685e-01
8.208149557551084330e-01
9.344127635030320400e-01
6.878974547564571385e-01
9.746471169361772269e-01
1.339000734539267157e+00
5.549558979738524744e-01
8.452835318172270407e-01
1.700286047653997601e+00
5.868131882423230916e-01
6.086850133369998694e-01
-1.605356892215517028e+00
4.773987364523216703e-01
-3.110497309731637960e-01
