8.460225020627584192e-01
-1.190972255377092531e-01
8.554109844148591879e-01
1.425691572057559808e+00
-2.572461327239974893e-02
-3.259383329667923657e-01
-9.618796900004394912e-01
6.099374280285634331e-01
6.112807234521046018e-01
-7.341664748652544370e-01
6.289654762926484288e-01
9.494067966826824634e-01
-2.698952297791074595e-01
8.815874782315007430e-01
1.077994996475767575e+00
-4.403108581375274611e-01
1.310885403889671341e+00
1.039012768268889220e+00
-1.097996905905580800e-01
5.881389794823371764e-01
1.364580071937532946e+00
-9.200834566298189687e-02
-1.473677200457185477e-01
-3.097364442852392763e-01
1.186959196608506906e+00
8.552075637619187543e-01
-1.122195750580758933e-01
1.267797860374316743e+00
5.690563169382235609e-01
2.046134717380584389e-01
4.515164816907719647e-01
5.046623171715567402e-01
4.388038045637668860e-01
6.581038574034929756e-01
-1.299485651905185057e-01
6.458920611550317270e-01
7.192936176473758991e-02
8.716429769926903326e-02
4.442036368042089345e-01
1.389029429821785566e+00
8.768127933509366201e-02
-3.803771747488361443e-01
-1.777084699832649495e-01
8.770530006911386733e-01
9.438761165315064927e-01
-1.031961537610521229e-01
1.104279419127987438e+00
8.007498213141761578e-01
5.708654476623929996e-01
-4.065353065210081662e-01
1.434655976268897515e+00
-5.147236117668876204e-02
1.031732847016411769e+00
-3.152874669049894607e-02
-9.240114610821472674e-01
9.483168226028360071e-02
5.610423612588518738e-01
5.386458754176211006e-01
5.011756250025284354e-01
4.777914900817916144e-01
