-5.169460176077964597e-01
6.770503910939242864e-01
4.091933321957752848e-03
7.345700346215564558e-01
9.979177753717505261e-01
1.418032659070631363e+00
-9.410304490916608644e-02
1.490742060341419296e-02
1.705910661777463977e+00
6.194099734767496424e-01
-1.072631638655563435e-01
6.542704365477410855e-01
9.319018951158732911e-01
9.727400434929517337e-01
1.602600683705200924e+00
6.038725562160228710e-01
2.505064348000064500e-01
2.451083833379378296e-01
1.899526544218061996e+00
2.900243240791617327e-01
9.955106334953979230e-01
3.523890940379931225e-02
1.363716974225404721e+00
7.553246234813073556e-01
5.060373594681504272e-01
1.278719121215174725e+00
-7.371899402839283966e-02
6.237516312962490539e-02
2.540311117346513159e-01
1.212015882634425168e+00
9.776288126614068874e-01
8.000321874959278601e-01
1.509862905077901107e-01
4.887526650613055468e-01
-1.115301025222568576e+00
4.082745273363648231e-01
3.045951340852369738e-01
2.916475427396481024e-01
1.156643851521583999e+00
4.087824477638468124e-01
