8.386480162848113373e-01
4.058032323197267588e-01
8.554119176119122647e-01
9.916649500299286046e-01
-1.132615813440607466e+00
1.989640974373710069e-01
1.478317706730256198e+00
-8.295406445872684220e-02
-4.956103742729776607e-01
4.644333115029561920e-01
5.434237178336921437e-01
2.565165997923365970e-01
5.522108890353802924e-01
1.612986915364828633e+00
9.924539749608166650e-01
6.465226986731464898e-01
3.898352409024275489e-01
1.770412338307864264e+00
-2.151062844698625742e-02
7.043367577347741104e-01
4.435308066206758992e-01
1.245401501665117427e+00
4.773904186647393022e-01
-1.935400512318306288e-01
4.306964087735191959e-02
2.226085077095224796e-01
5.125384704382254242e-01
1.188526648710918288e+00
5.895936996570282362e-01
-4.279853761383072830e-01
8.685893489520863930e-01
6.422897367867917984e-01
4.593412778930753837e-01
-1.145448675947074724e-01
1.210479151239902018e+00
7.835198856920325694e-01
2.283257363266603390e-01
3.925209796597602940e-01
1.784631434225346869e+00
1.439321546016244513e+00
-9.800296836765569342e-02
-7.501938169073103790e-02
1.156393446497942179e+00
1.204580576798213454e-01
7.581918294776315292e-01
-3.706941903461646870e-01
5.084573817489747016e-01
4.415408906186146787e-02
