-1.748300475754403227e-01
3.430791817622832474e-01
-5.196192988886407793e-01
1.948816338110692659e+00
-8.569602754954829260e-01
8.254474111026783856e-01
9.345199965003830878e-01
2.098251107087537370e+00
-4.195041052793149761e-01
-1.498790580800582584e+00
1.821335805132856756e+00
2.395468847906239429e-01
-2.849630077353878521e-01
-3.916467648587526607e-01
4.898751297124700699e+00
8.209674700768915256e-01
-2.798255121248855559e+00
8.772607021016594064e-01
-1.291330553860454033e+00
-9.549312267169574042e-02
-4.674752007459859193e-01
6.130530024012240675e-01
1.976444380708267223e+00
4.958133266709907061e-01
