
Figur of merit = fidelity_chi
Problem = sphere
Number of qubits = 2
Entanglement = n
Number of layers = 10
Minimization method = L-BFGS-B
Random seed = 30

BEST RESULT


THETA = 
[[[ 1.01557855 -0.28625847  0.09297983]
  [ 1.06592066  1.46887022  0.12627923]
  [ 0.92290438 -0.05226694  1.67135315]
  [-1.53466153  1.32159635  0.03483699]
  [-1.25240989 -1.07850646  1.74333584]
  [ 1.74349516  0.79553499 -0.66511448]
  [ 1.74529016 -0.07118671  0.37157566]
  [ 1.86459336  0.13471291 -0.0198769 ]
  [-0.92223459  0.33525426  0.67391333]
  [ 2.02583843  0.49999961  0.51136516]]

 [[ 0.67153869  1.60711023  0.07682591]
  [ 1.29430037  0.13666667  1.55533514]
  [ 0.34205575  0.19347999  0.6514744 ]
  [ 0.62843287  0.58869274  0.27891924]
  [ 1.73815275  0.38604505  1.03213566]
  [ 0.84653462  1.19629899  0.37734106]
  [ 0.89568403  0.23736137  1.1454202 ]
  [-0.96467701  1.17486343 -0.52838173]
  [-0.1416209   0.57318291  1.00489125]
  [ 1.77150086  0.64971658  0.39142601]]]
ALPHA = 
[[[-0.01840301 -0.26449149  0.42705792]
  [-0.00483946  2.61241002 -0.49348627]
  [ 0.05960724 -0.87878926 -0.53221799]
  [-0.04049348  1.44453589  1.84825034]
  [ 0.28699378 -1.69773655  1.12650791]
  [-1.63397029 -0.14941962  1.79862925]
  [ 0.92718865 -0.69758376  0.16576245]
  [ 1.0125003   0.16501831  2.35805114]
  [ 1.46833713  0.43684271 -0.28873462]
  [ 0.96085274  0.60510548  0.4151034 ]]

 [[ 0.28717838  1.1345247   0.06716779]
  [ 0.58804489  1.53490232  2.27501361]
  [ 0.4088052   0.01970504  1.74391817]
  [ 1.9559927  -0.37009914 -0.20274949]
  [ 0.71711791  0.99018868  1.74046656]
  [ 2.10905038  0.86430598  2.00374786]
  [ 2.62691184 -1.90361144 -0.16588568]
  [ 0.02072441 -0.29825318  0.54301337]
  [ 1.55347212 -0.50398178 -1.51136599]
  [ 0.90514909  0.19059114  2.11683938]]]
chi**2 = -0.8027194658826133
acc_train = 0.942
acc_test = 0.90675