1.015578548056577546e+00
-2.862584719615318685e-01
9.297983163185093158e-02
1.065920660626589411e+00
1.468870218786837656e+00
1.262792297357498428e-01
9.229043828520345771e-01
-5.226693911234769202e-02
1.671353149761644508e+00
-1.534661525448178132e+00
1.321596347035197461e+00
3.483699258893671602e-02
-1.252409894142399782e+00
-1.078506464923828734e+00
1.743335840539898873e+00
1.743495157635060355e+00
7.955349949629410000e-01
-6.651144828752737492e-01
1.745290160268934354e+00
-7.118671082850983045e-02
3.715756641720988629e-01
1.864593359223069680e+00
1.347129116408755933e-01
-1.987689520198260285e-02
-9.222345911373418526e-01
3.352542601964994540e-01
6.739133272527569885e-01
2.025838433034976571e+00
4.999996086701032905e-01
5.113651554352304229e-01
6.715386850438316291e-01
1.607110228322259360e+00
7.682591258045526339e-02
1.294300373296375151e+00
1.366666720632876142e-01
1.555335137692495984e+00
3.420557499103105692e-01
1.934799881491535423e-01
6.514743982748090190e-01
6.284328702903186903e-01
5.886927417939060714e-01
2.789192427513854655e-01
1.738152746460187359e+00
3.860450487013656340e-01
1.032135657239865001e+00
8.465346246656537677e-01
1.196298989037529736e+00
3.773410588801672794e-01
8.956840277852280430e-01
2.373613695788298894e-01
1.145420200861257287e+00
-9.646770092606664626e-01
1.174863426362209529e+00
-5.283817308224941778e-01
-1.416208952248943498e-01
5.731829089851857573e-01
1.004891247928920928e+00
1.771500855162406518e+00
6.497165755482412486e-01
3.914260095774754755e-01
