1.607175178052129727e+00
-2.050564481256461902e-01
9.297195663142603095e-02
1.643964407895646129e+00
5.136824764649132735e-01
2.074936209788872388e-01
3.220370374984685480e+00
-1.282687432312571429e-01
7.161614049676315874e-01
1.630524007342637693e+00
3.167766067516576967e-01
-4.114448667664265258e-02
1.642930111234121693e+00
-2.189921525226283250e-01
7.385078710919025236e-01
1.551914294484993739e+00
7.017372045190305441e-01
1.944024244900399434e-01
-2.185107372700767214e-01
1.433110002559519147e+00
2.777676325732680307e-01
-3.140673064385079982e-01
3.797032963693965923e-01
1.484420785570190082e+00
