3.824357327861737654e-01
1.419719331681487118e-01
8.554251261265145567e-01
-1.511275526091500510e+00
-3.271865491772751322e-01
-6.486900566044953576e-02
-2.081806566129755787e-01
-1.273502512728560132e-01
3.098238162524383221e-01
1.818715018180883936e-01
5.007893896415588353e-01
2.121500875469699288e-01
1.625898024577650869e+00
2.695620547488888907e-01
9.498292555075404930e-01
1.607109278640830086e+00
7.739705236378568998e-01
4.269849556315742367e-01
1.119429752031519731e+00
4.383336701097285681e-01
8.276559191700298967e-01
4.230511633131295857e-01
4.773884699263774012e-01
-4.595477958422604092e-01
2.365130135088257202e+00
1.904639243088730449e+00
5.125378213178126696e-01
1.231632721117382756e+00
5.103254684278739350e-02
1.254061496909973261e+00
2.221905611425742944e+00
-9.775150161826139106e-02
-7.921831724307919209e-02
3.509059276363513113e-01
-2.626927906258789136e-01
4.346385733607547458e-02
2.803542508895235374e-01
1.005705798847271737e+00
3.114597079693370296e-01
1.879329290913444694e+00
-4.720332166039313271e-01
5.381705166510641902e-01
3.891078752925584694e-01
1.648642078993853399e+00
3.841563949113580012e-01
2.367061901290917758e-01
5.084641938347016499e-01
1.572344042838398126e+00
