1.200967105846898697e+00
-2.064614189658463550e-01
9.298155174840175285e-02
1.577626965235786827e+00
6.553078484477961596e-02
2.060859900398491484e-01
-3.446021589466884971e-01
1.273795682695992637e+00
2.680134103021147851e-01
1.190553212154917828e+00
5.349494762143843785e-01
1.360917074086000822e+00
1.194024612740033575e+00
3.688194478537535903e-01
9.566802058214123328e-01
1.588137551928521018e+00
7.017443571044853501e-01
7.822115889118280707e-01
5.381533275053680399e-01
1.560442040600309721e-01
2.777739882385352188e-01
1.427974698346071714e+00
5.049751689082903061e-01
2.073598021329302321e-01
5.522188821410065618e-01
2.016142137402757939e+00
1.044169813375785738e+00
-3.820521337357294933e-01
-2.956514652739217208e-01
2.192260537304567158e+00
4.346070513811599034e-01
1.223769452653399759e+00
-7.188354902786953105e-01
2.142247105118411099e+00
1.068222183702095957e-01
1.172004594865431626e+00
