6.321642423110153397e-02
1.566222758275680249e+00
6.216286115612033036e-01
-4.401600369544983460e-01
-5.535090144509393628e-01
-8.565542266569932117e-01
1.514177993536925282e+00
-2.838102931062438383e-01
4.976038148410387718e-01
-1.248745913460325499e-04
-3.182027052129982048e-02
1.054580397149609272e+00
3.225943558825353774e-01
4.213037957046676940e-01
1.230224515576112010e+00
-5.492365277040997529e-02
7.956938239999205020e-01
4.831795855528370764e-01
-4.176831828939312485e-01
4.387201749347736657e-01
6.257297624889661680e-01
1.815164783538090409e+00
7.941994868233662741e-01
1.129932656219689857e+00
4.085436273106110572e-01
1.959441532893460569e-02
1.003670015849821739e+00
1.533496008535758737e+00
1.348058043117495330e+00
5.600839185546966359e-01
-2.412385327040118266e-01
1.501562309511028925e-01
4.583937508864181498e-01
-2.445405217823946320e-01
9.697123668820061271e-01
8.948037558138055569e-01
