2.198001529520434261e+00
1.350610590806514133e-01
8.553645319908493860e-01
6.918476534073264572e-01
4.763166019064155599e-01
-7.186359132703983021e-02
3.157489928500956111e+00
-9.131596405859004895e-02
1.113237354892709696e+00
1.856826709168617251e+00
1.501102153810141226e+00
2.481772247776589391e-01
3.452666230473388165e+00
3.376024711547687129e-01
1.950139444488574236e+00
7.718216908707251633e-01
9.772767535872068922e-01
4.949387475945214443e-01
2.293525730677297592e+00
8.757221337824877549e-02
1.031056461138860847e+00
-3.952366919254843403e+00
1.030936072646187585e+00
-8.102959509788937309e-01
1.324653955159766028e+00
1.337288139711084289e+00
1.066056161036197603e+00
-5.839365547678733170e-01
5.690607740034848705e-01
6.866910170820369474e-01
