8.239438563190544789e-06
8.292582434263926494e-01
9.298277791164182016e-02
1.570727575665955333e+00
6.841369174811104958e-01
1.241818333135082053e+00
1.871995765150490154e+00
-4.363191796628989455e-02
8.866266546229512047e-01
-4.495131467344513077e-01
5.745744463393734902e-01
4.350112735326764485e-02
1.570800202255453915e+00
3.307632226793170149e-01
9.963126144706098142e-01
1.429142452324253965e+00
2.805098485186740542e-01
7.441579001556853923e-01
1.651108626136212343e-01
1.195846090191036826e+00
-1.434625325172243782e-01
-1.338258676667176156e-05
7.478396313800779183e-01
1.247176870843809793e+00
1.536402252669151203e+00
3.692206385491612619e-01
1.287037518858576091e+00
7.230005314330516816e-05
5.000009572508470335e-01
5.453414028625525045e-01
