1.116207413276295995e-01
1.699405568320921045e+00
2.377101020311060964e+00
3.403406475362412476e+00
3.146237874444680394e+00
-1.241017362321370499e+00
2.519753287069341319e+00
9.537894990443256393e-01
-9.616095779099826935e-01
8.800441030717397473e-01
-3.358251876550471859e+00
2.597648247176057024e-01
-2.423076253101519306e+00
-1.982296064385527634e+00
1.605509241583432445e+00
-1.742593293394919085e+00
1.890018218854254695e+00
1.733808463248365683e+00
9.444448885398789573e-01
1.242516606402956636e-01
