-1.469767367799297508e+00
1.737788973093229439e+00
8.554197939378027638e-01
8.644412228229857165e-02
-8.527927729060328851e-03
1.530870706156744365e+00
3.083101466193815643e+00
-6.594786263126865000e-01
6.284061620864875852e-01
-5.623797042811756047e-02
7.817095936621356600e-01
-3.199715648402015056e-01
1.397326110965566581e+00
3.374712511276611315e-01
1.230717818313859846e+00
-1.230875602404960661e-01
-1.723332748842528073e+00
4.949494235798918562e-01
1.375211360571782615e+00
3.973227219820902878e-01
-1.669623212039648363e+00
-6.238453516909976335e-03
5.861518215890258385e-03
-5.005590609760085519e-01
3.181902553471349648e+00
2.729899932325490775e-01
4.101761818444162044e-02
1.630946428427998640e+00
5.690425493450572692e-01
-3.776172488402597671e-01
