-1.615350627492817326e+00
6.133834682677186123e-01
8.554110875684146631e-01
-3.779019184315668967e-01
-6.412264488035401833e-02
4.065428304490069644e-01
1.045367526501399524e+00
4.442039853671140848e-01
5.728815747275897152e-01
-4.890929931652687190e-01
2.773775252834514427e-01
7.836755507700100543e-01
-3.980219050201398989e-01
1.417625499511937781e-01
7.264054013595054871e-01
-9.894117190345173007e-01
2.752422467878911649e-01
2.991884617662657342e-01
1.950118124115594709e+00
4.848558655977234233e-01
3.289384778944476895e-01
1.219002575863716437e-01
7.842979268527713321e-01
-4.130186017905130291e-01
4.665339604183041944e-01
9.426367839108378277e-01
8.194474948622314514e-01
1.012983700402277698e+00
1.100103178594861619e+00
2.920422266390471644e-01
2.562329089622472633e+00
1.587495104044067018e+00
9.698506129362117756e-01
-2.565360675679319025e-01
2.819139557113238201e-02
1.728721988079324090e+00
