-6.905923373431850643e-02
1.165827054239803928e+00
9.975953688790804019e-01
2.112741182370189819e+00
-2.948428907086597661e+00
1.749376520952459352e-02
5.942055630449762926e-01
-4.668338444249426900e-01
3.061933845476343952e-01
-1.058088970438955667e-01
-6.590253424904327639e-01
2.395455568088918075e-01
1.699383531573652961e+00
-2.908011314734638919e+00
8.166628595134957092e-01
-1.306396676167270510e+00
1.517053088499967117e+00
4.992875862068295034e-01
3.456346696791385287e-01
-6.784722350965265436e-01
-1.537634871056568597e+00
3.452391891980186145e+00
2.952247731220316140e+00
4.958149027293107802e-01
